images/0479f73f-f96_1280x720.png 195,135,275,307,0
images/05b86757-f156_1280x720.png 820,159,849,190,1
images/067f4811-f120_1280x720.png 968,279,1010,314,2 976,315,1009,341,1 125,270,158,309,3 376,268,409,313,4
images/0721844f-f100_1280x720.png 639,157,745,272,2 366,328,474,459,2 779,33,836,227,5
images/083e0973-f143_1280x720.png 842,142,862,194,5 935,238,973,277,2 802,176,832,203,2 994,293,1044,309,6 871,171,910,213,3 339,260,368,291,2 397,181,422,208,2
images/086a9a55-f109_1280x720.png 139,249,193,339,7
images/0a62bfe7-f17_1280x720.png 1034,200,1086,253,8 1033,258,1086,283,9 1033,289,1089,317,10 891,269,927,303,3 894,307,925,337,2 851,319,890,335,6 828,223,859,255,2 798,203,822,249,5 535,262,559,290,2
images/0af3584e-f185_1280x720.png 153,222,196,263,1 306,81,328,148,5
images/0d56be80-f16_1280x720.png 21,221,85,280,1 22,283,86,314,11 38,315,69,372,12 977,239,1021,280,8 978,284,1021,305,9 977,310,1022,330,10 863,296,892,320,3 866,324,891,349,2 830,334,862,346,6 812,258,837,282,2 789,241,809,278,5 580,290,598,309,2
images/0d7c9276-f179_1280x720.png 1137,214,1219,296,2 1008,35,1083,105,2 179,105,234,160,2 54,198,120,261,2
images/0e3b8566-f172_1280x720.png 1066,117,1124,174,1 1168,172,1204,207,8 469,75,507,116,1 1087,174,1114,231,12 1167,209,1204,230,13 343,160,383,201,14 350,222,374,311,15
images/103275de-f161_1280x720.png 1071,136,1147,215,3 944,265,979,317,2
images/12b3b162-f49_1280x720.png 1173,161,1261,252,16
images/13d25211-f11_1280x720.png 1101,124,1168,188,8 747,191,761,206,8 821,210,846,223,9 1101,191,1167,222,9
images/140723d4-f40_1280x720.png 844,94,887,137,2 949,167,1007,219,3 1058,155,1116,212,1 1137,316,1229,342,6 960,259,1010,308,2 1077,247,1101,295,12 804,48,828,121,5 53,179,92,215,2 941,314,962,361,17
images/14b0d7df-f26_1280x720.png 39,206,89,251,1 904,293,958,310,6 833,169,877,227,5
images/15180d27-f54_1280x720.png 815,291,909,389,1 322,281,361,340,0
images/15223048-f18_1280x720.png 61,190,97,238,8
images/155491ff-f43_1280x720.png 1092,170,1155,234,1 1096,283,1162,308,11
images/18677de6-f111_1280x720.png 875,61,944,127,18
images/1cb1e16e-f23_1280x720.png 195,202,221,236,2 932,181,958,204,18 983,190,998,205,8
images/1e4cf3d6-f16_1280x720.png 1194,153,1252,208,1 1200,218,1255,243,11
images/1eb7d81f-f20_1280x720.png 51,217,129,289,2 71,292,108,349,17 399,166,459,235,2 798,257,828,286,2 564,307,586,330,2 592,281,612,325,5
images/1f3c9fe4-f107_1280x720.png 139,152,215,234,1 156,245,192,329,19 129,332,214,386,11 395,238,430,277,1 1044,259,1069,318,5 1034,217,1078,260,2
images/1f6f2567-f140_1280x720.png 1163,225,1219,279,20 184,236,213,298,2 69,11,108,77,2 145,292,175,342,17 172,152,194,202,1 171,207,193,226,11
images/1f910d32-f34_1280x720.png 1043,140,1079,179,3 1182,215,1202,254,19 1170,194,1214,211,11 1075,217,1122,232,6
images/1fd439e1-f181_1280x720.png 884,103,922,145,2 967,178,1014,218,21 965,223,1014,272,2 960,300,1015,322,6 927,104,953,175,5
images/23f4db38-f197_1280x720.png 998,127,1049,176,8 1000,186,1053,210,9
images/24dcb398-f62_1280x720.png 613,104,727,214,1 658,285,707,389,19
images/24fe87ae-f28_1280x720.png 1203,248,1255,300,2 965,203,1008,243,1 159,135,200,176,2 12,269,56,314,2 56,221,82,291,5
images/273728a8-f37_1280x720.png 1146,191,1219,271,2 570,17,643,95,2 109,188,173,250,2 299,30,330,115,5 130,254,150,311,17 1143,281,1165,348,17 210,218,250,258,22 835,195,878,237,23 832,239,880,264,11 210,259,253,281,11
images/2764360e-f39_1280x720.png 839,126,875,160,2 1016,179,1060,221,1 925,185,973,229,3 935,262,974,300,2 807,92,827,151,5 1079,305,1156,328,6 1028,250,1048,290,12 917,306,940,341,17 175,287,191,318,17
images/28143250-f151_1280x720.png 652,220,679,250,20
images/284b5350-f56_1280x720.png 961,126,1032,196,16
images/2974c3f9-f194_1280x720.png 1106,145,1172,202,8 1100,219,1173,245,9
images/29818582-f12_1280x720.png 949,175,988,211,1 950,215,989,233,11 963,236,979,270,19
images/2ae51f0f-f136_1280x720.png 792,105,823,139,2 1132,195,1179,249,16 1133,254,1172,289,21 1123,298,1177,345,2
images/2b3ded1a-f199_1280x720.png 1118,165,1175,222,8 1115,238,1178,264,9
images/2c8e9d16-f96_1280x720.png 1096,95,1158,164,1 349,235,376,261,1 1098,213,1160,281,24 1092,171,1160,208,11 348,265,375,279,11 172,368,213,434,25
images/2c938800-f1_1280x720.png 864,149,884,181,0
images/2ce87c3a-f58_1280x720.png 1179,210,1223,282,1 1176,287,1221,319,11
images/2d32269a-f114_1280x720.png 1043,182,1083,218,1
images/2f5364e0-f83_1280x720.png 1096,209,1173,287,20 715,273,765,322,3 584,293,607,318,24
images/2fabf2bb-f101_1280x720.png 198,190,261,253,1 193,258,266,293,11
images/30011ede-f32_1280x720.png 982,172,1046,239,2 184,171,238,226,2 978,80,1051,156,3 33,92,91,150,22 45,157,105,186,11 64,190,103,247,12
images/30583a8f-f177_1280x720.png 1076,225,1138,285,2 975,81,1035,138,2 323,137,366,182,2 226,212,277,259,2
images/3065db23-f42_1280x720.png 1086,217,1150,284,8 1085,292,1150,324,9
images/30f254df-f90_1280x720.png 1133,153,1207,276,0
images/329ee180-f162_1280x720.png 844,162,878,195,2 984,184,1014,218,24 980,222,1022,264,2 976,291,1026,305,6 482,190,509,221,2 367,235,400,273,2 463,191,480,236,5 883,163,901,218,5 880,329,905,357,1
images/331d659f-f99_1280x720.png 1150,85,1229,153,18
images/33aae530-f56_1280x720.png 914,175,941,199,1
images/3545fe63-f15_1280x720.png 202,265,251,307,1 203,310,253,333,11 216,332,240,375,12 925,276,956,308,8 924,308,957,325,9 926,329,959,345,10 837,317,859,337,3 812,347,834,357,6 838,339,858,359,2 799,290,818,308,2 779,275,797,308,17
images/356fafa9-f152_1280x720.png 159,192,200,228,20
images/371b3569-f26_1280x720.png 1122,251,1190,319,2 722,193,775,251,2 147,266,204,324,2 361,127,384,201,5 1130,323,1145,379,17 359,293,388,319,22 359,322,388,334,11
images/3769203a-f190_1280x720.png 937,265,984,316,2 768,220,792,244,8 765,247,794,262,10 768,265,795,277,9 926,214,948,249,17 356,179,371,221,5
images/37a08166-f141_1280x720.png 1153,260,1185,293,1 1152,292,1192,309,11 1168,309,1189,342,12
images/37f79bf3-f66_1280x720.png 332,139,440,239,2 620,248,725,346,2 936,279,1044,403,1 232,27,298,208,5 925,629,1084,678,6 979,488,1028,603,12 54,446,96,490,2 161,530,195,568,2 29,506,70,546,1
images/39be9180-f45_1280x720.png 862,169,909,214,16
images/3b620566-f24_1280x720.png 1043,204,1081,270,0
images/3ce1f87f-f59_1280x720.png 984,126,1054,200,1 985,209,1057,244,11 1000,250,1041,328,12 574,188,625,246,3 574,303,623,353,2 488,192,526,234,2 446,156,475,223,5 603,385,667,410,6
images/3cf4ee67-f29_1280x720.png 1079,302,1155,325,6 1089,132,1156,191,1 1093,198,1152,226,11 1107,236,1131,288,12 945,149,970,221,5 927,105,974,150,3 969,170,1016,218,2
images/3cf961db-f64_1280x720.png 760,53,861,166,2 1040,284,1158,392,21 885,0,945,127,5
images/3d7aef32-f93_1280x720.png 866,111,939,184,20 778,104,865,184,25
images/3d9722c1-f73_1280x720.png 185,279,282,385,2 451,169,543,269,2 588,60,639,234,5 969,463,996,510,0 222,423,237,534,17
images/3dfdc51d-f44_1280x720.png 1200,148,1252,209,2 1050,45,1121,93,2 142,131,175,163,2 33,227,68,259,2 178,93,203,153,5 1153,275,1197,333,17 848,217,879,249,1
images/3f8b6aa1-f117_1280x720.png 992,293,1025,342,0 856,275,876,310,7 152,269,184,299,1 151,341,166,374,19
images/3f987fb6-f97_1280x720.png 255,233,406,397,25
images/400ca211-f30_1280x720.png 1164,214,1209,261,2 848,192,880,224,1 175,119,215,157,2 47,232,94,271,2 79,190,102,247,5
images/408faf04-f79_1280x720.png 1051,259,1095,310,24
images/410680a1-f55_1280x720.png 676,264,742,369,0
images/419a9847-f188_1280x720.png 909,152,957,194,8 299,71,335,109,2 197,143,232,187,2 1053,228,1131,303,2 913,222,958,244,9 913,197,958,219,10 273,75,292,137,5 242,159,259,190,17
images/4266b7be-f147_1280x720.png 1124,212,1184,269,2 993,105,1046,150,2 264,201,296,231,2 368,217,392,243,2 349,189,366,233,5 1123,277,1145,328,17 272,290,283,318,17 266,274,293,287,11
images/4411cedd-f33_1280x720.png 1145,30,1237,133,3 1140,156,1231,247,2 35,154,110,230,2 949,182,990,224,2 384,142,423,182,2 388,183,420,215,22 864,171,898,203,23 867,205,899,222,11 389,217,420,229,11
images/460c2ec4-f68_1280x720.png 1033,92,1139,356,17
images/479ddf5a-f32_1280x720.png 1007,247,1064,300,3 129,216,160,259,0
images/48000205-f138_1280x720.png 961,269,996,304,20
images/48622694-f76_1280x720.png 1117,227,1177,294,24
images/4883e9f4-f55_1280x720.png 193,106,245,187,0
images/4a259b82-f14_1280x720.png 1028,57,1078,114,2 1166,244,1221,303,2 155,118,199,156,2 44,223,93,267,2
images/4c55b275-f178_1280x720.png 992,128,1022,167,1 997,169,1012,201,12
images/4cd31479-f60_1280x720.png 694,0,758,148,5 785,83,883,188,2 1000,78,1120,220,3 1000,372,1124,500,2 449,483,506,542,2 378,353,428,401,2 337,503,378,544,1 198,527,229,558,8 134,508,164,536,1
images/4df0568f-f31_1280x720.png 1150,119,1220,188,1
images/4e25c08a-f155_1280x720.png 175,193,225,251,2 356,135,396,179,2 328,136,351,207,5 1147,277,1179,315,8
images/50ce424a-f86_1280x720.png 995,281,1047,326,25 197,266,249,311,25
images/521086af-f14_1280x720.png 857,272,885,296,8 815,293,837,315,3 818,317,836,336,2 789,328,813,335,6 758,253,773,282,5 776,267,794,284,2 858,313,885,327,10 858,297,886,311,9 321,305,354,322,11 329,323,345,353,12 319,274,354,303,1
images/525bd45e-f98_1280x720.png 1076,219,1125,258,18
images/52f9e18c-f137_1280x720.png 1034,197,1095,256,20
images/536cb7b1-f104_1280x720.png 1047,109,1129,198,1 1067,204,1112,288,19 1042,300,1130,343,11
images/53a77b97-f23_1280x720.png 1084,92,1148,158,1 160,160,207,207,1 1084,161,1150,193,11 161,213,206,234,11 1108,203,1137,265,19 175,239,195,281,19
images/54ae0aa1-f133_1280x720.png 64,147,127,207,1 993,250,1037,295,1 80,247,108,306,19 1001,344,1020,385,19 991,320,1033,342,11 63,211,124,243,11
images/5512a072-f145_1280x720.png 698,108,721,129,21
images/56529e7b-f75_1280x720.png 189,252,200,349,15
images/56fd22eb-f52_1280x720.png 1071,124,1139,199,1 1068,200,1134,231,11
images/574c73ec-f21_1280x720.png 565,122,617,177,2 188,206,225,250,2 233,170,271,240,5 865,281,902,300,11
images/58fe12da-f125_1280x720.png 1022,184,1052,225,0
images/59c2c7e4-f127_1280x720.png 936,125,981,168,2 1038,165,1090,219,3 1044,274,1092,323,2 277,192,315,228,2
images/5dca425e-f146_1280x720.png 918,221,965,260,18 954,132,996,171,2 1076,223,1128,275,2 200,172,239,214,2 306,162,322,209,5 324,191,354,226,2 203,261,237,281,11
images/5dd4770a-f77_1280x720.png 503,170,562,230,14 512,235,555,383,15
images/5de4fdeb-f75_1280x720.png 1148,160,1226,245,2 855,76,921,147,2 939,9,976,122,5 1141,257,1175,329,17 174,275,198,324,17 175,132,204,203,5 264,148,309,197,2
images/604b19a4-f4_1280x720.png 929,175,981,226,1 931,234,981,258,11
images/60b55886-f48_1280x720.png 743,250,820,348,20
images/613df644-f182_1280x720.png 960,35,1012,94,2 1073,142,1139,193,21 1076,206,1140,272,2 1068,311,1145,337,6 1024,41,1056,133,5 236,242,269,278,2
images/62ea93f2-f27_1280x720.png 1162,197,1233,268,2 696,125,759,194,2 20,208,86,277,2 273,47,300,131,5 1169,279,1185,341,17 272,243,302,272,22 273,276,303,288,11
images/63bd87c5-f3_1280x720.png 1104,109,1193,198,1 1109,208,1193,245,11
images/64c852cd-f44_1280x720.png 38,38,120,130,2 53,267,80,354,17 153,213,210,272,8 151,275,209,309,9 1219,270,1269,316,23 1222,319,1272,343,11
images/65f95635-f3_1280x720.png 232,202,265,235,1 241,239,260,272,19 234,274,268,293,11 883,238,917,256,9 883,199,915,234,8 756,267,769,282,8 756,283,772,290,9
images/664010d5-f7_1280x720.png 909,207,939,238,1 909,241,941,256,11 917,260,931,291,19
images/6693f6f8-f84_1280x720.png 1025,249,1075,307,24
images/6929cd3a-f95_1280x720.png 267,315,358,360,11 268,217,357,306,1 760,219,781,240,24 759,208,781,218,11 760,186,779,206,1
images/6b0eda07-f135_1280x720.png 1175,171,1222,218,24 1174,220,1222,263,1 131,225,176,269,1 1174,268,1223,291,11 129,273,174,296,11 1188,322,1214,367,19 139,298,163,347,19
images/6b1d3024-f43_1280x720.png 1163,34,1263,120,21 1164,138,1267,236,2 381,190,408,250,5 241,221,286,265,2 233,289,264,323,8 162,355,185,398,17 232,324,265,341,9 615,229,654,269,2 382,318,402,342,8 828,295,860,327,23
images/6da35e60-f72_1280x720.png 1079,130,1180,230,20
images/6f46d953-f187_1280x720.png 998,251,1061,310,2 884,190,917,221,8 394,126,424,153,2 312,181,341,216,2 373,126,389,178,5 884,244,923,262,9 885,225,922,243,10
images/7119e5df-f78_1280x720.png 388,131,421,176,4 831,147,862,178,2 316,196,342,226,2 1017,219,1029,238,17
images/71ca42aa-f39_1280x720.png 1029,97,1107,174,3 1035,182,1111,252,2 119,179,171,232,2 124,239,170,283,22 1041,256,1105,312,23 1044,315,1108,347,11 127,286,176,314,11 1062,349,1094,408,12 140,312,162,359,12 409,268,442,300,2 912,282,947,316,2 414,305,440,329,22
images/71dd53b8-f131_1280x720.png 856,101,896,139,2 931,227,980,275,2 310,124,344,162,2 1168,131,1223,191,24 1157,195,1218,254,1 1153,293,1215,322,11 347,90,392,153,4
images/72121708-f41_1280x720.png 1098,95,1189,159,21 1095,167,1205,258,2 78,282,131,336,2 911,2,969,133,5 1077,287,1125,361,17 1058,325,1095,386,2 989,183,1024,226,2 108,339,146,393,17
images/73a91562-f40_1280x720.png 34,150,96,220,2 37,221,95,273,22 369,298,400,327,22 1084,246,1152,308,23 1066,61,1158,151,3 1075,155,1160,235,2 366,256,404,294,2 933,273,975,313,2 43,277,95,306,11 1089,312,1152,345,11 1104,348,1139,415,12 58,309,83,360,12
images/749da2f3-f171_1280x720.png 1041,191,1068,239,12 1028,142,1076,190,1 1115,185,1147,217,8 501,100,533,138,1 388,174,425,213,14 394,232,417,307,15 1114,221,1147,237,13
images/75b1f550-f38_1280x720.png 972,147,1039,210,3 977,213,1036,272,2 246,212,289,257,2 247,261,286,296,22 982,274,1034,323,23 986,325,1033,347,11 251,301,289,320,11 262,321,279,361,12
images/75cd4a64-f2_1280x720.png 527,78,618,172,2 743,305,841,401,2 732,172,840,282,3 816,120,924,228,1 884,447,1035,492,6 1119,342,1157,397,1 857,303,903,403,12 452,0,498,133,5 370,378,423,427,2 231,266,279,314,2
images/771678cf-f149_1280x720.png 68,264,107,287,11 78,289,99,330,12
images/77971902-f98_1280x720.png 489,302,575,398,25 919,110,941,133,1 915,136,940,147,11
images/779cdffb-f116_1280x720.png 1127,229,1182,305,0 902,197,934,242,7 76,232,103,264,1 82,303,102,338,19
images/780a182c-f165_1280x720.png 1062,31,1124,92,2 434,82,484,137,2 234,163,295,224,2 1125,330,1172,368,1 1130,34,1163,130,5 402,87,430,167,5
images/78325939-f46_1280x720.png 1210,134,1259,209,0 76,154,108,201,0
images/789c8a50-f66_1280x720.png 1029,216,1112,350,0
images/7918b27e-f159_1280x720.png 808,29,869,98,2 1196,99,1249,158,24 1198,175,1248,238,2 1170,255,1188,315,17 611,204,627,242,5 651,260,678,291,3 393,220,426,234,6 693,287,727,301,6 96,186,129,200,6
images/79ddc9c3-f150_1280x720.png 1052,211,1088,246,20
images/7abf4b90-f126_1280x720.png 752,213,779,240,2 809,232,842,262,3 810,266,844,298,2 828,315,868,329,6 728,189,748,234,5 203,213,220,252,5 116,279,146,309,2 173,234,199,257,2
images/7c71ed8e-f100_1280x720.png 846,133,873,156,3 272,179,283,188,1
images/7d2a8b78-f5_1280x720.png 1012,198,1065,226,9 822,266,845,277,9 1013,138,1063,194,8 820,242,844,265,8 37,146,88,195,1 51,197,81,250,19 42,252,93,281,11
images/7d7d47d0-f1_1280x720.png 1024,67,1120,134,21 1001,213,1092,283,2 403,248,437,282,2
images/7da17876-f129_1280x720.png 526,184,586,238,16 587,174,634,208,21 1049,231,1111,274,21 1059,281,1108,325,1 1062,354,1112,376,11 909,76,977,157,4
images/805c84ce-f174_1280x720.png 1045,92,1117,163,1 1180,163,1227,213,8 1071,167,1106,238,12 223,31,274,81,1 46,143,96,197,14 52,234,89,353,15 1176,211,1228,236,13
images/8304fa55-f73_1280x720.png 1116,118,1185,221,0
images/8308af75-f139_1280x720.png 1072,272,1115,313,20
images/84704525-f22_1280x720.png 921,267,944,303,0
images/84b5bd41-f88_1280x720.png 1155,185,1214,275,0
images/855f0c13-f47_1280x720.png 745,252,818,348,20
images/878e902f-f173_1280x720.png 1073,73,1139,135,1 322,15,371,63,1 1196,137,1243,182,8 1194,183,1240,206,13 161,118,211,170,14 168,200,202,310,15 1096,142,1131,208,12
images/8801108d-f180_1280x720.png 1181,256,1231,328,1 1188,97,1235,172,24
images/882ae12c-f6_1280x720.png 1100,88,1161,155,8 856,217,886,246,8 1099,162,1163,195,9 858,247,887,261,9
images/8836b485-f168_1280x720.png 984,220,1042,271,8 982,280,1045,307,13
images/887d7bfd-f58_1280x720.png 281,170,403,331,2 596,97,694,204,1 600,220,691,271,11
images/8ad64cf3-f108_1280x720.png 1006,181,1067,244,24 1006,246,1065,309,1 1005,312,1066,348,11
images/8cd7f66d-f9_1280x720.png 843,96,893,146,2 969,250,1023,303,2 964,106,1016,150,21 1031,211,1088,264,1 1033,274,1088,300,11 1050,312,1074,364,12
images/8d34cb5e-f122_1280x720.png 993,96,1068,156,18
images/8d4e4f8b-f36_1280x720.png 1104,201,1165,265,2 642,71,700,131,2 300,206,345,253,2 372,229,401,259,22 849,207,888,243,23 311,257,330,299,17 1100,274,1122,330,17 850,245,887,261,11 375,262,403,274,11 436,84,463,151,5
images/8e233f28-f69_1280x720.png 979,141,1092,300,3 950,293,1096,363,6 737,235,771,317,5 42,180,75,277,5
images/91142452-f31_1280x720.png 987,57,1054,130,3 984,146,1047,213,2 183,146,241,200,2 30,67,92,128,22 45,135,105,163,11 66,167,105,223,12 844,164,877,197,2 437,136,465,167,2 439,167,463,190,22 442,191,464,203,11 784,157,808,182,23 787,183,808,193,11
images/91dd37bd-f24_1280x720.png 862,134,906,175,2 919,195,971,247,2 376,221,411,263,2 94,260,141,302,2 42,192,91,235,22 45,239,89,259,11 57,262,79,306,12 973,188,1018,231,21 827,90,854,165,5 976,298,992,344,17 108,307,124,348,17
images/91f83463-f30_1280x720.png 883,231,928,276,2 305,229,345,269,2 884,165,934,216,3 196,174,238,216,22 203,220,247,243,11 218,245,246,285,12
images/92150a18-f48_1280x720.png 1162,172,1239,245,1 960,170,1023,236,16 1169,255,1241,284,11
images/92d748c7-f54_1280x720.png 902,79,980,145,21 637,19,706,81,2 908,152,985,227,2 1147,90,1219,172,1 1161,177,1201,260,12 1140,261,1218,304,11 1119,308,1234,348,6 723,11,766,118,5 411,260,431,304,5
images/9507b281-f10_1280x720.png 982,208,1030,255,8 984,257,1031,279,9 787,269,805,279,9
images/950eb525-f164_1280x720.png 908,80,958,129,2 410,122,450,162,2 250,183,299,228,2 1098,169,1153,221,2 1101,115,1146,157,24 385,121,408,184,5 1090,258,1162,279,6 959,312,992,346,1 964,83,987,158,5
images/96e2708b-f119_1280x720.png 903,313,936,343,2 904,279,937,310,3 832,247,866,294,4 911,363,956,380,6
images/982b00ab-f65_1280x720.png 683,195,731,240,2 807,238,852,285,2 948,253,999,304,1 966,341,990,395,12 942,404,1018,426,6 638,149,669,227,5
images/983b55a5-f53_1280x720.png 961,30,1029,106,2 1126,315,1199,396,2 687,399,735,449,1 1129,421,1154,501,17
images/98979a6d-f76_1280x720.png 211,162,281,300,0
images/9918ccdc-f170_1280x720.png 995,154,1045,201,1 1076,194,1110,226,8 521,121,551,154,1 419,189,452,220,14 424,239,445,309,15 1077,226,1106,241,13 1016,200,1035,243,12
images/997c8160-f50_1280x720.png 1105,198,1181,264,8
images/99d6547d-f61_1280x720.png 1084,123,1154,206,1 1087,258,1150,303,11 1100,309,1134,392,19
images/9b2784b1-f63_1280x720.png 377,238,419,296,0
images/9b5fd896-f57_1280x720.png 268,80,374,305,17
images/9bd54a1a-f19_1280x720.png 1130,73,1220,165,8 1131,174,1219,218,9 1129,227,1220,275,10 888,256,942,312,2 882,194,942,249,3 810,283,878,304,6 723,76,761,154,5 770,114,820,161,2 248,181,290,226,2
images/9cd5ba92-f94_1280x720.png 356,122,431,195,20 267,119,357,198,25
images/a0b9e860-f9_1280x720.png 1192,138,1263,214,8 818,308,832,322,8 818,323,833,329,9 1189,221,1267,256,9 10,186,63,239,1 15,306,63,333,11 23,243,52,300,19
images/a3749064-f51_1280x720.png 989,156,1040,210,1 986,213,1038,238,11
images/a390f36c-f198_1280x720.png 1075,107,1136,166,8 765,156,795,183,8 1076,184,1140,210,9 768,188,797,202,9
images/a542e128-f67_1280x720.png 1026,128,1083,151,6 941,104,981,137,2 941,52,976,83,21 848,63,875,93,2 898,59,938,112,4
images/a54af41e-f77_1280x720.png 1133,260,1190,319,24
images/a6322730-f53_1280x720.png 889,163,946,215,2 697,70,746,112,2 883,111,946,154,21 1060,118,1118,177,1 1073,179,1101,238,12 1055,238,1113,271,11 1037,272,1122,301,6 125,129,165,168,2 45,209,88,249,2 757,61,787,139,5
images/a67ad907-f97_1280x720.png 870,18,945,84,18 453,102,473,150,5
images/a765a879-f192_1280x720.png 1019,241,1086,314,2 63,178,94,216,2 161,106,197,139,2 770,174,807,211,8 134,104,154,164,5 99,186,120,220,17 1001,165,1030,216,17 770,214,809,234,10 770,240,810,257,9
images/a78aa3f0-f132_1280x720.png 1039,239,1093,296,2 951,99,1000,143,2 368,151,400,183,2 402,113,450,175,4 1080,301,1101,342,17
images/a909d7b9-f35_1280x720.png 38,230,121,311,2 494,225,528,266,2 493,269,526,298,22 1062,248,1108,284,23 1064,289,1112,309,11 496,300,527,319,11
images/a924139f-f124_1280x720.png 807,143,841,175,2 873,245,912,284,2 126,265,155,294,2 182,193,211,218,2 776,110,796,164,5 214,171,230,210,5 949,306,1014,326,6
images/aa8a87bc-f72_1280x720.png 705,302,767,365,8 703,381,774,415,9
images/ab063f80-f49_1280x720.png 1073,105,1146,201,20
images/ac7bebd6-f71_1280x720.png 552,368,601,422,20
images/ae315d05-f169_1280x720.png 1166,165,1244,232,8 1159,246,1248,279,13
images/ae5b91e9-f85_1280x720.png 129,208,189,253,25 979,219,1034,270,25
images/ae7afebc-f28_1280x720.png 1057,107,1128,180,2 365,241,417,292,2 69,151,142,230,2 65,234,97,296,17 566,92,592,162,5
images/aea5114e-f61_1280x720.png 301,204,364,265,1 324,302,351,361,19
images/af1f3ea4-f64_1280x720.png 895,137,965,236,0 66,93,89,146,5 227,262,268,277,6
images/b029a1cf-f70_1280x720.png 297,406,366,505,2 515,220,605,323,2 622,86,670,271,5 296,539,335,654,17
images/b0dc1cfd-f63_1280x720.png 964,169,1034,242,8 965,325,1035,360,13 945,391,984,420,13
images/b11902cc-f148_1280x720.png 58,90,110,142,2 228,118,269,159,2 63,209,108,233,11 198,75,224,143,5 75,235,89,283,17
images/b175fd7e-f99_1280x720.png 994,213,1204,426,25
images/b2391640-f13_1280x720.png 1076,245,1121,287,2 976,117,1017,156,2 80,113,114,154,2 162,244,192,275,2
images/b2d69925-f74_1280x720.png 1195,155,1250,237,0
images/b3313e65-f65_1280x720.png 24,25,124,150,2 302,268,419,381,21 1174,399,1267,580,17
images/b3af8a26-f67_1280x720.png 1085,89,1183,179,16
images/b5a4cecd-f34_1280x720.png 142,160,189,207,1 145,214,189,236,11 158,241,180,287,19
images/b6200860-f130_1280x720.png 81,185,117,272,5 225,272,292,295,6 820,85,864,144,4 925,249,967,290,3 997,266,1068,292,6 1023,195,1060,239,24
images/b624fd1c-f27_1280x720.png 1068,77,1138,144,3 1050,146,1117,238,5 1174,356,1263,382,6 49,295,93,338,2
images/b64acf2d-f51_1280x720.png 680,22,728,95,2 810,301,867,382,2 1098,348,1145,407,8 161,425,204,466,2 57,266,101,309,2 557,320,574,383,5 476,481,498,520,17
images/b6813ec7-f17_1280x720.png 970,219,1003,249,1 974,252,1004,267,11
images/b85be79a-f157_1280x720.png 594,150,630,193,2 430,222,461,257,8 1017,237,1036,277,17 1099,79,1116,139,5 1127,69,1156,111,2
images/b8600f0d-f176_1280x720.png 147,20,223,98,1 897,260,939,302,2 835,169,870,207,2 395,192,427,225,2 329,247,362,280,2
images/b94b80a4-f195_1280x720.png 843,248,869,275,8 844,282,873,296,9
images/ba27261e-f128_1280x720.png 970,163,1022,220,20
images/bb322847-f71_1280x720.png 606,183,684,263,2 372,378,442,460,2 592,459,646,521,8 722,78,767,240,5 387,489,411,591,17 589,527,646,560,9
images/bd617c2f-f4_1280x720.png 884,198,916,235,8 755,268,770,281,8 232,202,266,236,1 241,239,260,273,19 235,274,269,292,11 880,237,918,255,9 755,282,771,290,9
images/bed46c15-f103_1280x720.png 97,80,192,158,1 115,163,164,242,19 81,247,181,295,11
images/bf07a518-f118_1280x720.png 946,307,971,345,7 222,309,251,340,1
images/bf2d2af2-f123_1280x720.png 1033,23,1116,109,2 154,125,199,173,2 1027,121,1052,171,17 168,184,184,218,17
images/bf5cf487-f62_1280x720.png 1175,109,1238,177,1 1171,223,1235,259,11 1187,265,1223,336,19
images/c0aaf465-f29_1280x720.png 476,15,508,105,5 1071,50,1146,141,2 209,200,282,272,2
images/c0e9562c-f13_1280x720.png 208,177,249,214,1 221,235,242,273,12 212,217,252,233,11 844,185,875,219,3 847,223,874,251,2 878,165,910,199,8 878,200,911,216,9 805,236,840,248,6 760,129,783,172,5 787,150,815,175,2 517,184,539,209,2 877,220,905,236,10
images/c0ec4009-f21_1280x720.png 62,253,95,306,0
images/c0f1e01b-f81_1280x720.png 1030,192,1080,268,0
images/c17ddc6c-f189_1280x720.png 241,124,291,169,2
images/c1f4b29e-f46_1280x720.png 57,157,124,228,8 55,232,125,267,13
images/c26ebbc3-f91_1280x720.png 1041,237,1111,303,20 1038,126,1117,193,25
images/c41eafdb-f193_1280x720.png 1009,67,1063,122,8 743,176,765,198,8 1004,134,1060,161,9 743,202,767,216,9
images/c4f214ce-f80_1280x720.png 1159,116,1227,192,24
images/c61d3c40-f8_1280x720.png 1023,218,1078,268,8 754,337,765,348,8 144,334,180,356,11 151,287,173,332,19 142,243,182,284,1 1025,273,1079,302,9
images/c68a985f-f102_1280x720.png 1083,164,1142,255,0 62,179,99,210,1 73,213,91,249,19 64,251,103,269,11
images/c8181a13-f33_1280x720.png 1135,176,1202,237,3 53,136,88,194,0
images/ca7b3442-f153_1280x720.png 965,192,1008,235,2 956,254,1004,271,6 852,86,887,121,2 891,88,910,145,5 988,110,1028,146,21
images/cabbbf6c-f69_1280x720.png 853,269,930,369,2 631,54,718,136,2 407,235,498,324,1 829,422,865,536,17
images/cf82bc56-f50_1280x720.png 944,119,984,158,2 1064,256,1109,300,2 896,75,922,150,5 1067,317,1078,364,17 105,307,116,345,17 178,145,213,180,2 94,256,126,289,2 1147,306,1233,327,6 1123,170,1178,221,1 1125,259,1179,281,11
images/d0b7bda0-f154_1280x720.png 932,62,984,111,2 1104,214,1161,273,2 1131,95,1186,143,21 991,66,1019,146,5 1090,303,1161,328,6
images/d28cdf97-f57_1280x720.png 1074,199,1131,267,1 1072,310,1134,345,11
images/d33c8450-f5_1280x720.png 1010,134,1063,185,1 1012,196,1064,217,11 1026,227,1050,276,19
images/d426139e-f37_1280x720.png 1144,154,1212,213,1
images/d59543f5-f10_1280x720.png 868,130,900,160,2 952,228,989,261,2 950,132,987,163,21 1078,179,1131,228,1 1078,234,1129,255,11 1093,265,1114,310,12
images/d5f6f7ee-f11_1280x720.png 891,17,961,92,2 1082,277,1142,354,2
images/d7332aef-f106_1280x720.png 1007,148,1104,245,1 1035,250,1083,346,19 1010,354,1106,402,11 412,247,436,307,5 402,202,445,245,2
images/d83eb7cf-f175_1280x720.png 928,175,982,226,2 852,61,897,106,2 229,156,272,199,2 312,91,351,127,2
images/d8433ab4-f160_1280x720.png 1136,189,1211,266,3 477,67,567,105,6 1059,29,1091,126,5
images/d8f849c4-f121_1280x720.png 148,265,172,306,7 143,309,170,336,1
images/da4b2302-f22_1280x720.png 685,123,742,181,2 6,273,63,330,2 332,244,363,280,2 367,213,404,272,5 367,267,387,284,22 912,290,937,313,23 908,316,937,328,11 364,290,388,301,11 981,330,1003,363,17 214,333,241,364,17
images/da8c0bee-f18_1280x720.png 1141,129,1211,201,8 1139,207,1212,246,9 1139,250,1212,287,10 948,272,991,317,2 944,221,992,268,3 889,295,943,312,6 857,165,897,198,2 452,217,486,252,2 817,131,848,197,5
images/dbc842f9-f68_1280x720.png 1131,127,1219,247,3 921,254,983,315,24
images/dc10f2ae-f20_1280x720.png 152,238,182,289,0
images/dcbd40dc-f15_1280x720.png 1041,170,1083,212,1 1044,218,1086,236,11
images/de0a95c0-f25_1280x720.png 1011,127,1084,195,2 935,39,999,97,2 1086,111,1148,172,21 891,0,925,75,5 274,160,326,211,2 1092,263,1107,326,17 464,211,479,247,5
images/de3112a5-f163_1280x720.png 863,135,902,174,2 459,169,491,200,2 330,218,369,258,2 1020,163,1058,199,24 1016,204,1061,248,2 1013,279,1070,298,6 904,324,933,351,1 908,139,926,199,5 437,170,458,223,5
images/de99d8a9-f52_1280x720.png 1164,146,1236,210,2 1059,457,1091,501,2 1244,471,1273,506,8 1057,42,1147,173,5
images/dea2d33a-f183_1280x720.png 937,27,998,91,2 1011,29,1048,142,5 1070,150,1145,214,21 1072,225,1148,305,2 1068,351,1153,385,6 52,267,92,311,2 208,180,240,216,2
images/dee52848-f7_1280x720.png 1169,55,1244,136,8 876,210,909,244,8 1171,142,1248,183,11 875,248,912,266,11 788,251,808,262,11 733,226,749,241,8
images/e08bbf20-f60_1280x720.png 235,60,342,339,0
images/e13c6ae2-f0_1280x720.png 636,62,646,91,5 415,69,426,94,5 700,154,727,164,6 688,120,708,140,2 652,79,668,95,2 361,120,379,135,2
images/e21ca53c-f12_1280x720.png 992,83,1040,131,2 1159,204,1241,230,6 427,178,445,199,2 477,105,491,138,5 70,58,94,102,5 140,139,168,163,21 183,195,227,212,6 136,108,167,140,16
images/e2379fad-f2_1280x720.png 261,190,289,219,1 267,222,283,253,19 261,253,292,271,11 833,188,866,220,8 723,248,736,261,8 835,222,866,237,9
images/e253919d-f42_1280x720.png 950,192,993,236,1 953,271,997,291,11
images/e2ffaeab-f158_1280x720.png 976,107,1010,155,2 841,210,879,259,2 342,199,390,250,2 122,290,159,335,8 938,115,958,186,5
images/e3872432-f186_1280x720.png 967,222,1014,272,2 873,173,902,198,8 466,123,484,164,5
images/e38b1be5-f59_1280x720.png 1077,62,1141,232,0
images/e3c9e8ef-f8_1280x720.png 1033,151,1083,202,1 1036,211,1085,232,11 1047,239,1069,285,19
images/e50be9ef-f134_1280x720.png 191,142,238,183,2 279,52,312,86,2 319,23,339,77,5
images/ebdf4248-f70_1280x720.png 1155,89,1221,251,0 873,234,910,295,7
images/edb2bacb-f191_1280x720.png 973,252,1032,317,2 769,198,799,230,8 770,233,802,250,10 769,254,801,268,9 252,145,269,193,5 275,144,304,172,2 196,198,221,232,2 960,190,987,236,17 226,210,245,240,17
images/ee7afc80-f47_1280x720.png 31,198,69,253,0
images/efb01f41-f92_1280x720.png 727,325,793,389,25 792,328,856,389,20
images/f0854e96-f25_1280x720.png 1170,226,1222,309,0
images/f0b27e0f-f184_1280x720.png 129,163,186,212,2 301,73,340,112,2 146,240,171,285,17
images/f213bad9-f166_1280x720.png 1109,207,1167,266,1
images/f356059c-f74_1280x720.png 1048,433,1116,543,2 762,157,854,273,2 203,341,303,466,1
images/f4ef5c32-f35_1280x720.png 1173,88,1246,164,1 1192,216,1224,283,12
images/f56740a9-f105_1280x720.png 14,237,97,365,7
images/f5b898b1-f82_1280x720.png 1033,231,1118,322,20 573,301,633,365,3 414,332,440,362,24
images/f60c48f7-f142_1280x720.png 1146,171,1212,222,2 1038,70,1083,119,2 1141,239,1172,291,17 185,252,207,285,17 260,169,285,198,2 178,207,216,245,2
images/f8a86d98-f196_1280x720.png 909,186,947,227,8 909,235,950,253,9
images/f9891d53-f87_1280x720.png 1165,234,1236,303,25 51,216,124,282,25
images/fbf42e79-f41_1280x720.png 1058,79,1111,133,2 1171,175,1229,233,2 894,221,929,255,1 151,122,194,163,2 49,220,93,261,2 202,88,224,149,5 1141,291,1176,350,17 77,269,103,312,17 898,282,932,294,11
images/fd4b390b-f144_1280x720.png 993,206,1041,257,2 833,126,868,166,2 332,137,361,167,2 258,237,291,272,2 1069,274,1129,297,6 884,88,903,148,5 916,124,965,175,3
images/0479f73f-f96_1280x720.png 195,135,275,307,0
images/05b86757-f156_1280x720.png 820,159,849,190,1
images/067f4811-f120_1280x720.png 968,279,1010,314,2 976,315,1009,341,1 125,270,158,309,3 376,268,409,313,4
images/0721844f-f100_1280x720.png 639,157,745,272,2 366,328,474,459,2 779,33,836,227,5
images/083e0973-f143_1280x720.png 842,142,862,194,5 935,238,973,277,2 802,176,832,203,2 994,293,1044,309,6 871,171,910,213,3 339,260,368,291,2 397,181,422,208,2
images/086a9a55-f109_1280x720.png 139,249,193,339,7
images/0a62bfe7-f17_1280x720.png 1034,200,1086,253,8 1033,258,1086,283,9 1033,289,1089,317,10 891,269,927,303,3 894,307,925,337,2 851,319,890,335,6 828,223,859,255,2 798,203,822,249,5 535,262,559,290,2
images/0af3584e-f185_1280x720.png 153,222,196,263,1 306,81,328,148,5
images/0d56be80-f16_1280x720.png 21,221,85,280,1 22,283,86,314,11 38,315,69,372,12 977,239,1021,280,8 978,284,1021,305,9 977,310,1022,330,10 863,296,892,320,3 866,324,891,349,2 830,334,862,346,6 812,258,837,282,2 789,241,809,278,5 580,290,598,309,2
images/0d7c9276-f179_1280x720.png 1137,214,1219,296,2 1008,35,1083,105,2 179,105,234,160,2 54,198,120,261,2
images/0e3b8566-f172_1280x720.png 1066,117,1124,174,1 1168,172,1204,207,8 469,75,507,116,1 1087,174,1114,231,12 1167,209,1204,230,13 343,160,383,201,14 350,222,374,311,15
images/103275de-f161_1280x720.png 1071,136,1147,215,3 944,265,979,317,2
images/12b3b162-f49_1280x720.png 1173,161,1261,252,16
images/13d25211-f11_1280x720.png 1101,124,1168,188,8 747,191,761,206,8 821,210,846,223,9 1101,191,1167,222,9
images/140723d4-f40_1280x720.png 844,94,887,137,2 949,167,1007,219,3 1058,155,1116,212,1 1137,316,1229,342,6 960,259,1010,308,2 1077,247,1101,295,12 804,48,828,121,5 53,179,92,215,2 941,314,962,361,17
images/14b0d7df-f26_1280x720.png 39,206,89,251,1 904,293,958,310,6 833,169,877,227,5
images/15180d27-f54_1280x720.png 815,291,909,389,1 322,281,361,340,0
images/15223048-f18_1280x720.png 61,190,97,238,8
images/155491ff-f43_1280x720.png 1092,170,1155,234,1 1096,283,1162,308,11
images/18677de6-f111_1280x720.png 875,61,944,127,18
images/1cb1e16e-f23_1280x720.png 195,202,221,236,2 932,181,958,204,18 983,190,998,205,8
images/1e4cf3d6-f16_1280x720.png 1194,153,1252,208,1 1200,218,1255,243,11
images/1eb7d81f-f20_1280x720.png 51,217,129,289,2 71,292,108,349,17 399,166,459,235,2 798,257,828,286,2 564,307,586,330,2 592,281,612,325,5
images/1f3c9fe4-f107_1280x720.png 139,152,215,234,1 156,245,192,329,19 129,332,214,386,11 395,238,430,277,1 1044,259,1069,318,5 1034,217,1078,260,2
images/1f6f2567-f140_1280x720.png 1163,225,1219,279,20 184,236,213,298,2 69,11,108,77,2 145,292,175,342,17 172,152,194,202,1 171,207,193,226,11
images/1f910d32-f34_1280x720.png 1043,140,1079,179,3 1182,215,1202,254,19 1170,194,1214,211,11 1075,217,1122,232,6
images/1fd439e1-f181_1280x720.png 884,103,922,145,2 967,178,1014,218,21 965,223,1014,272,2 960,300,1015,322,6 927,104,953,175,5
images/23f4db38-f197_1280x720.png 998,127,1049,176,8 1000,186,1053,210,9
images/24dcb398-f62_1280x720.png 613,104,727,214,1 658,285,707,389,19
images/24fe87ae-f28_1280x720.png 1203,248,1255,300,2 965,203,1008,243,1 159,135,200,176,2 12,269,56,314,2 56,221,82,291,5
images/273728a8-f37_1280x720.png 1146,191,1219,271,2 570,17,643,95,2 109,188,173,250,2 299,30,330,115,5 130,254,150,311,17 1143,281,1165,348,17 210,218,250,258,22 835,195,878,237,23 832,239,880,264,11 210,259,253,281,11
images/2764360e-f39_1280x720.png 839,126,875,160,2 1016,179,1060,221,1 925,185,973,229,3 935,262,974,300,2 807,92,827,151,5 1079,305,1156,328,6 1028,250,1048,290,12 917,306,940,341,17 175,287,191,318,17
images/28143250-f151_1280x720.png 652,220,679,250,20
images/284b5350-f56_1280x720.png 961,126,1032,196,16
images/2974c3f9-f194_1280x720.png 1106,145,1172,202,8 1100,219,1173,245,9
images/29818582-f12_1280x720.png 949,175,988,211,1 950,215,989,233,11 963,236,979,270,19
images/2ae51f0f-f136_1280x720.png 792,105,823,139,2 1132,195,1179,249,16 1133,254,1172,289,21 1123,298,1177,345,2
images/2b3ded1a-f199_1280x720.png 1118,165,1175,222,8 1115,238,1178,264,9
images/2c8e9d16-f96_1280x720.png 1096,95,1158,164,1 349,235,376,261,1 1098,213,1160,281,24 1092,171,1160,208,11 348,265,375,279,11 172,368,213,434,25
images/2c938800-f1_1280x720.png 864,149,884,181,0
images/2ce87c3a-f58_1280x720.png 1179,210,1223,282,1 1176,287,1221,319,11
images/2d32269a-f114_1280x720.png 1043,182,1083,218,1
images/2f5364e0-f83_1280x720.png 1096,209,1173,287,20 715,273,765,322,3 584,293,607,318,24
images/2fabf2bb-f101_1280x720.png 198,190,261,253,1 193,258,266,293,11
images/30011ede-f32_1280x720.png 982,172,1046,239,2 184,171,238,226,2 978,80,1051,156,3 33,92,91,150,22 45,157,105,186,11 64,190,103,247,12
images/30583a8f-f177_1280x720.png 1076,225,1138,285,2 975,81,1035,138,2 323,137,366,182,2 226,212,277,259,2
images/3065db23-f42_1280x720.png 1086,217,1150,284,8 1085,292,1150,324,9
images/30f254df-f90_1280x720.png 1133,153,1207,276,0
images/329ee180-f162_1280x720.png 844,162,878,195,2 984,184,1014,218,24 980,222,1022,264,2 976,291,1026,305,6 482,190,509,221,2 367,235,400,273,2 463,191,480,236,5 883,163,901,218,5 880,329,905,357,1
images/331d659f-f99_1280x720.png 1150,85,1229,153,18
images/33aae530-f56_1280x720.png 914,175,941,199,1
images/3545fe63-f15_1280x720.png 202,265,251,307,1 203,310,253,333,11 216,332,240,375,12 925,276,956,308,8 924,308,957,325,9 926,329,959,345,10 837,317,859,337,3 812,347,834,357,6 838,339,858,359,2 799,290,818,308,2 779,275,797,308,17
images/356fafa9-f152_1280x720.png 159,192,200,228,20
images/371b3569-f26_1280x720.png 1122,251,1190,319,2 722,193,775,251,2 147,266,204,324,2 361,127,384,201,5 1130,323,1145,379,17 359,293,388,319,22 359,322,388,334,11
images/3769203a-f190_1280x720.png 937,265,984,316,2 768,220,792,244,8 765,247,794,262,10 768,265,795,277,9 926,214,948,249,17 356,179,371,221,5
images/37a08166-f141_1280x720.png 1153,260,1185,293,1 1152,292,1192,309,11 1168,309,1189,342,12
images/37f79bf3-f66_1280x720.png 332,139,440,239,2 620,248,725,346,2 936,279,1044,403,1 232,27,298,208,5 925,629,1084,678,6 979,488,1028,603,12 54,446,96,490,2 161,530,195,568,2 29,506,70,546,1
images/39be9180-f45_1280x720.png 862,169,909,214,16
images/3b620566-f24_1280x720.png 1043,204,1081,270,0
images/3ce1f87f-f59_1280x720.png 984,126,1054,200,1 985,209,1057,244,11 1000,250,1041,328,12 574,188,625,246,3 574,303,623,353,2 488,192,526,234,2 446,156,475,223,5 603,385,667,410,6
images/3cf4ee67-f29_1280x720.png 1079,302,1155,325,6 1089,132,1156,191,1 1093,198,1152,226,11 1107,236,1131,288,12 945,149,970,221,5 927,105,974,150,3 969,170,1016,218,2
images/3cf961db-f64_1280x720.png 760,53,861,166,2 1040,284,1158,392,21 885,0,945,127,5
images/3d7aef32-f93_1280x720.png 866,111,939,184,20 778,104,865,184,25
images/3d9722c1-f73_1280x720.png 185,279,282,385,2 451,169,543,269,2 588,60,639,234,5 969,463,996,510,0 222,423,237,534,17
images/3dfdc51d-f44_1280x720.png 1200,148,1252,209,2 1050,45,1121,93,2 142,131,175,163,2 33,227,68,259,2 178,93,203,153,5 1153,275,1197,333,17 848,217,879,249,1
images/3f8b6aa1-f117_1280x720.png 992,293,1025,342,0 856,275,876,310,7 152,269,184,299,1 151,341,166,374,19
images/3f987fb6-f97_1280x720.png 255,233,406,397,25
images/400ca211-f30_1280x720.png 1164,214,1209,261,2 848,192,880,224,1 175,119,215,157,2 47,232,94,271,2 79,190,102,247,5
images/408faf04-f79_1280x720.png 1051,259,1095,310,24
images/410680a1-f55_1280x720.png 676,264,742,369,0
images/419a9847-f188_1280x720.png 909,152,957,194,8 299,71,335,109,2 197,143,232,187,2 1053,228,1131,303,2 913,222,958,244,9 913,197,958,219,10 273,75,292,137,5 242,159,259,190,17
images/4266b7be-f147_1280x720.png 1124,212,1184,269,2 993,105,1046,150,2 264,201,296,231,2 368,217,392,243,2 349,189,366,233,5 1123,277,1145,328,17 272,290,283,318,17 266,274,293,287,11
images/4411cedd-f33_1280x720.png 1145,30,1237,133,3 1140,156,1231,247,2 35,154,110,230,2 949,182,990,224,2 384,142,423,182,2 388,183,420,215,22 864,171,898,203,23 867,205,899,222,11 389,217,420,229,11
images/460c2ec4-f68_1280x720.png 1033,92,1139,356,17
images/479ddf5a-f32_1280x720.png 1007,247,1064,300,3 129,216,160,259,0
images/48000205-f138_1280x720.png 961,269,996,304,20
images/48622694-f76_1280x720.png 1117,227,1177,294,24
images/4883e9f4-f55_1280x720.png 193,106,245,187,0
images/4a259b82-f14_1280x720.png 1028,57,1078,114,2 1166,244,1221,303,2 155,118,199,156,2 44,223,93,267,2
images/4c55b275-f178_1280x720.png 992,128,1022,167,1 997,169,1012,201,12
images/4cd31479-f60_1280x720.png 694,0,758,148,5 785,83,883,188,2 1000,78,1120,220,3 1000,372,1124,500,2 449,483,506,542,2 378,353,428,401,2 337,503,378,544,1 198,527,229,558,8 134,508,164,536,1
images/4df0568f-f31_1280x720.png 1150,119,1220,188,1
images/4e25c08a-f155_1280x720.png 175,193,225,251,2 356,135,396,179,2 328,136,351,207,5 1147,277,1179,315,8
images/50ce424a-f86_1280x720.png 995,281,1047,326,25 197,266,249,311,25
images/521086af-f14_1280x720.png 857,272,885,296,8 815,293,837,315,3 818,317,836,336,2 789,328,813,335,6 758,253,773,282,5 776,267,794,284,2 858,313,885,327,10 858,297,886,311,9 321,305,354,322,11 329,323,345,353,12 319,274,354,303,1
images/525bd45e-f98_1280x720.png 1076,219,1125,258,18
images/52f9e18c-f137_1280x720.png 1034,197,1095,256,20
images/536cb7b1-f104_1280x720.png 1047,109,1129,198,1 1067,204,1112,288,19 1042,300,1130,343,11
images/53a77b97-f23_1280x720.png 1084,92,1148,158,1 160,160,207,207,1 1084,161,1150,193,11 161,213,206,234,11 1108,203,1137,265,19 175,239,195,281,19
images/54ae0aa1-f133_1280x720.png 64,147,127,207,1 993,250,1037,295,1 80,247,108,306,19 1001,344,1020,385,19 991,320,1033,342,11 63,211,124,243,11
images/5512a072-f145_1280x720.png 698,108,721,129,21
images/56529e7b-f75_1280x720.png 189,252,200,349,15
images/56fd22eb-f52_1280x720.png 1071,124,1139,199,1 1068,200,1134,231,11
images/574c73ec-f21_1280x720.png 565,122,617,177,2 188,206,225,250,2 233,170,271,240,5 865,281,902,300,11
images/58fe12da-f125_1280x720.png 1022,184,1052,225,0
images/59c2c7e4-f127_1280x720.png 936,125,981,168,2 1038,165,1090,219,3 1044,274,1092,323,2 277,192,315,228,2
images/5dca425e-f146_1280x720.png 918,221,965,260,18 954,132,996,171,2 1076,223,1128,275,2 200,172,239,214,2 306,162,322,209,5 324,191,354,226,2 203,261,237,281,11
images/5dd4770a-f77_1280x720.png 503,170,562,230,14 512,235,555,383,15
images/5de4fdeb-f75_1280x720.png 1148,160,1226,245,2 855,76,921,147,2 939,9,976,122,5 1141,257,1175,329,17 174,275,198,324,17 175,132,204,203,5 264,148,309,197,2
images/604b19a4-f4_1280x720.png 929,175,981,226,1 931,234,981,258,11
images/60b55886-f48_1280x720.png 743,250,820,348,20
images/613df644-f182_1280x720.png 960,35,1012,94,2 1073,142,1139,193,21 1076,206,1140,272,2 1068,311,1145,337,6 1024,41,1056,133,5 236,242,269,278,2
images/62ea93f2-f27_1280x720.png 1162,197,1233,268,2 696,125,759,194,2 20,208,86,277,2 273,47,300,131,5 1169,279,1185,341,17 272,243,302,272,22 273,276,303,288,11
images/63bd87c5-f3_1280x720.png 1104,109,1193,198,1 1109,208,1193,245,11
images/64c852cd-f44_1280x720.png 38,38,120,130,2 53,267,80,354,17 153,213,210,272,8 151,275,209,309,9 1219,270,1269,316,23 1222,319,1272,343,11
images/65f95635-f3_1280x720.png 232,202,265,235,1 241,239,260,272,19 234,274,268,293,11 883,238,917,256,9 883,199,915,234,8 756,267,769,282,8 756,283,772,290,9
images/664010d5-f7_1280x720.png 909,207,939,238,1 909,241,941,256,11 917,260,931,291,19
images/6693f6f8-f84_1280x720.png 1025,249,1075,307,24
images/6929cd3a-f95_1280x720.png 267,315,358,360,11 268,217,357,306,1 760,219,781,240,24 759,208,781,218,11 760,186,779,206,1
images/6b0eda07-f135_1280x720.png 1175,171,1222,218,24 1174,220,1222,263,1 131,225,176,269,1 1174,268,1223,291,11 129,273,174,296,11 1188,322,1214,367,19 139,298,163,347,19
images/6b1d3024-f43_1280x720.png 1163,34,1263,120,21 1164,138,1267,236,2 381,190,408,250,5 241,221,286,265,2 233,289,264,323,8 162,355,185,398,17 232,324,265,341,9 615,229,654,269,2 382,318,402,342,8 828,295,860,327,23
images/6da35e60-f72_1280x720.png 1079,130,1180,230,20
images/6f46d953-f187_1280x720.png 998,251,1061,310,2 884,190,917,221,8 394,126,424,153,2 312,181,341,216,2 373,126,389,178,5 884,244,923,262,9 885,225,922,243,10
images/7119e5df-f78_1280x720.png 388,131,421,176,4 831,147,862,178,2 316,196,342,226,2 1017,219,1029,238,17
images/71ca42aa-f39_1280x720.png 1029,97,1107,174,3 1035,182,1111,252,2 119,179,171,232,2 124,239,170,283,22 1041,256,1105,312,23 1044,315,1108,347,11 127,286,176,314,11 1062,349,1094,408,12 140,312,162,359,12 409,268,442,300,2 912,282,947,316,2 414,305,440,329,22
images/71dd53b8-f131_1280x720.png 856,101,896,139,2 931,227,980,275,2 310,124,344,162,2 1168,131,1223,191,24 1157,195,1218,254,1 1153,293,1215,322,11 347,90,392,153,4
images/72121708-f41_1280x720.png 1098,95,1189,159,21 1095,167,1205,258,2 78,282,131,336,2 911,2,969,133,5 1077,287,1125,361,17 1058,325,1095,386,2 989,183,1024,226,2 108,339,146,393,17
images/73a91562-f40_1280x720.png 34,150,96,220,2 37,221,95,273,22 369,298,400,327,22 1084,246,1152,308,23 1066,61,1158,151,3 1075,155,1160,235,2 366,256,404,294,2 933,273,975,313,2 43,277,95,306,11 1089,312,1152,345,11 1104,348,1139,415,12 58,309,83,360,12
images/749da2f3-f171_1280x720.png 1041,191,1068,239,12 1028,142,1076,190,1 1115,185,1147,217,8 501,100,533,138,1 388,174,425,213,14 394,232,417,307,15 1114,221,1147,237,13
images/75b1f550-f38_1280x720.png 972,147,1039,210,3 977,213,1036,272,2 246,212,289,257,2 247,261,286,296,22 982,274,1034,323,23 986,325,1033,347,11 251,301,289,320,11 262,321,279,361,12
images/75cd4a64-f2_1280x720.png 527,78,618,172,2 743,305,841,401,2 732,172,840,282,3 816,120,924,228,1 884,447,1035,492,6 1119,342,1157,397,1 857,303,903,403,12 452,0,498,133,5 370,378,423,427,2 231,266,279,314,2
images/771678cf-f149_1280x720.png 68,264,107,287,11 78,289,99,330,12
images/77971902-f98_1280x720.png 489,302,575,398,25 919,110,941,133,1 915,136,940,147,11
images/779cdffb-f116_1280x720.png 1127,229,1182,305,0 902,197,934,242,7 76,232,103,264,1 82,303,102,338,19
images/780a182c-f165_1280x720.png 1062,31,1124,92,2 434,82,484,137,2 234,163,295,224,2 1125,330,1172,368,1 1130,34,1163,130,5 402,87,430,167,5
images/78325939-f46_1280x720.png 1210,134,1259,209,0 76,154,108,201,0
images/789c8a50-f66_1280x720.png 1029,216,1112,350,0
images/7918b27e-f159_1280x720.png 808,29,869,98,2 1196,99,1249,158,24 1198,175,1248,238,2 1170,255,1188,315,17 611,204,627,242,5 651,260,678,291,3 393,220,426,234,6 693,287,727,301,6 96,186,129,200,6
images/79ddc9c3-f150_1280x720.png 1052,211,1088,246,20
images/7abf4b90-f126_1280x720.png 752,213,779,240,2 809,232,842,262,3 810,266,844,298,2 828,315,868,329,6 728,189,748,234,5 203,213,220,252,5 116,279,146,309,2 173,234,199,257,2
images/7c71ed8e-f100_1280x720.png 846,133,873,156,3 272,179,283,188,1
images/7d2a8b78-f5_1280x720.png 1012,198,1065,226,9 822,266,845,277,9 1013,138,1063,194,8 820,242,844,265,8 37,146,88,195,1 51,197,81,250,19 42,252,93,281,11
images/7d7d47d0-f1_1280x720.png 1024,67,1120,134,21 1001,213,1092,283,2 403,248,437,282,2
images/7da17876-f129_1280x720.png 526,184,586,238,16 587,174,634,208,21 1049,231,1111,274,21 1059,281,1108,325,1 1062,354,1112,376,11 909,76,977,157,4
images/805c84ce-f174_1280x720.png 1045,92,1117,163,1 1180,163,1227,213,8 1071,167,1106,238,12 223,31,274,81,1 46,143,96,197,14 52,234,89,353,15 1176,211,1228,236,13
images/8304fa55-f73_1280x720.png 1116,118,1185,221,0
images/8308af75-f139_1280x720.png 1072,272,1115,313,20
images/84704525-f22_1280x720.png 921,267,944,303,0
images/84b5bd41-f88_1280x720.png 1155,185,1214,275,0
images/855f0c13-f47_1280x720.png 745,252,818,348,20
images/878e902f-f173_1280x720.png 1073,73,1139,135,1 322,15,371,63,1 1196,137,1243,182,8 1194,183,1240,206,13 161,118,211,170,14 168,200,202,310,15 1096,142,1131,208,12
images/8801108d-f180_1280x720.png 1181,256,1231,328,1 1188,97,1235,172,24
images/882ae12c-f6_1280x720.png 1100,88,1161,155,8 856,217,886,246,8 1099,162,1163,195,9 858,247,887,261,9
images/8836b485-f168_1280x720.png 984,220,1042,271,8 982,280,1045,307,13
images/887d7bfd-f58_1280x720.png 281,170,403,331,2 596,97,694,204,1 600,220,691,271,11
images/8ad64cf3-f108_1280x720.png 1006,181,1067,244,24 1006,246,1065,309,1 1005,312,1066,348,11
images/8cd7f66d-f9_1280x720.png 843,96,893,146,2 969,250,1023,303,2 964,106,1016,150,21 1031,211,1088,264,1 1033,274,1088,300,11 1050,312,1074,364,12
images/8d34cb5e-f122_1280x720.png 993,96,1068,156,18
images/8d4e4f8b-f36_1280x720.png 1104,201,1165,265,2 642,71,700,131,2 300,206,345,253,2 372,229,401,259,22 849,207,888,243,23 311,257,330,299,17 1100,274,1122,330,17 850,245,887,261,11 375,262,403,274,11 436,84,463,151,5
images/8e233f28-f69_1280x720.png 979,141,1092,300,3 950,293,1096,363,6 737,235,771,317,5 42,180,75,277,5
images/91142452-f31_1280x720.png 987,57,1054,130,3 984,146,1047,213,2 183,146,241,200,2 30,67,92,128,22 45,135,105,163,11 66,167,105,223,12 844,164,877,197,2 437,136,465,167,2 439,167,463,190,22 442,191,464,203,11 784,157,808,182,23 787,183,808,193,11
images/91dd37bd-f24_1280x720.png 862,134,906,175,2 919,195,971,247,2 376,221,411,263,2 94,260,141,302,2 42,192,91,235,22 45,239,89,259,11 57,262,79,306,12 973,188,1018,231,21 827,90,854,165,5 976,298,992,344,17 108,307,124,348,17
images/91f83463-f30_1280x720.png 883,231,928,276,2 305,229,345,269,2 884,165,934,216,3 196,174,238,216,22 203,220,247,243,11 218,245,246,285,12
images/92150a18-f48_1280x720.png 1162,172,1239,245,1 960,170,1023,236,16 1169,255,1241,284,11
images/92d748c7-f54_1280x720.png 902,79,980,145,21 637,19,706,81,2 908,152,985,227,2 1147,90,1219,172,1 1161,177,1201,260,12 1140,261,1218,304,11 1119,308,1234,348,6 723,11,766,118,5 411,260,431,304,5
images/9507b281-f10_1280x720.png 982,208,1030,255,8 984,257,1031,279,9 787,269,805,279,9
images/950eb525-f164_1280x720.png 908,80,958,129,2 410,122,450,162,2 250,183,299,228,2 1098,169,1153,221,2 1101,115,1146,157,24 385,121,408,184,5 1090,258,1162,279,6 959,312,992,346,1 964,83,987,158,5
images/96e2708b-f119_1280x720.png 903,313,936,343,2 904,279,937,310,3 832,247,866,294,4 911,363,956,380,6
images/982b00ab-f65_1280x720.png 683,195,731,240,2 807,238,852,285,2 948,253,999,304,1 966,341,990,395,12 942,404,1018,426,6 638,149,669,227,5
images/983b55a5-f53_1280x720.png 961,30,1029,106,2 1126,315,1199,396,2 687,399,735,449,1 1129,421,1154,501,17
images/98979a6d-f76_1280x720.png 211,162,281,300,0
images/9918ccdc-f170_1280x720.png 995,154,1045,201,1 1076,194,1110,226,8 521,121,551,154,1 419,189,452,220,14 424,239,445,309,15 1077,226,1106,241,13 1016,200,1035,243,12
images/997c8160-f50_1280x720.png 1105,198,1181,264,8
images/99d6547d-f61_1280x720.png 1084,123,1154,206,1 1087,258,1150,303,11 1100,309,1134,392,19
images/9b2784b1-f63_1280x720.png 377,238,419,296,0
images/9b5fd896-f57_1280x720.png 268,80,374,305,17
images/9bd54a1a-f19_1280x720.png 1130,73,1220,165,8 1131,174,1219,218,9 1129,227,1220,275,10 888,256,942,312,2 882,194,942,249,3 810,283,878,304,6 723,76,761,154,5 770,114,820,161,2 248,181,290,226,2
images/9cd5ba92-f94_1280x720.png 356,122,431,195,20 267,119,357,198,25
images/a0b9e860-f9_1280x720.png 1192,138,1263,214,8 818,308,832,322,8 818,323,833,329,9 1189,221,1267,256,9 10,186,63,239,1 15,306,63,333,11 23,243,52,300,19
images/a3749064-f51_1280x720.png 989,156,1040,210,1 986,213,1038,238,11
images/a390f36c-f198_1280x720.png 1075,107,1136,166,8 765,156,795,183,8 1076,184,1140,210,9 768,188,797,202,9
images/a542e128-f67_1280x720.png 1026,128,1083,151,6 941,104,981,137,2 941,52,976,83,21 848,63,875,93,2 898,59,938,112,4
images/a54af41e-f77_1280x720.png 1133,260,1190,319,24
images/a6322730-f53_1280x720.png 889,163,946,215,2 697,70,746,112,2 883,111,946,154,21 1060,118,1118,177,1 1073,179,1101,238,12 1055,238,1113,271,11 1037,272,1122,301,6 125,129,165,168,2 45,209,88,249,2 757,61,787,139,5
images/a67ad907-f97_1280x720.png 870,18,945,84,18 453,102,473,150,5
images/a765a879-f192_1280x720.png 1019,241,1086,314,2 63,178,94,216,2 161,106,197,139,2 770,174,807,211,8 134,104,154,164,5 99,186,120,220,17 1001,165,1030,216,17 770,214,809,234,10 770,240,810,257,9
images/a78aa3f0-f132_1280x720.png 1039,239,1093,296,2 951,99,1000,143,2 368,151,400,183,2 402,113,450,175,4 1080,301,1101,342,17
images/a909d7b9-f35_1280x720.png 38,230,121,311,2 494,225,528,266,2 493,269,526,298,22 1062,248,1108,284,23 1064,289,1112,309,11 496,300,527,319,11
images/a924139f-f124_1280x720.png 807,143,841,175,2 873,245,912,284,2 126,265,155,294,2 182,193,211,218,2 776,110,796,164,5 214,171,230,210,5 949,306,1014,326,6
images/aa8a87bc-f72_1280x720.png 705,302,767,365,8 703,381,774,415,9
images/ab063f80-f49_1280x720.png 1073,105,1146,201,20
images/ac7bebd6-f71_1280x720.png 552,368,601,422,20
images/ae315d05-f169_1280x720.png 1166,165,1244,232,8 1159,246,1248,279,13
images/ae5b91e9-f85_1280x720.png 129,208,189,253,25 979,219,1034,270,25
images/ae7afebc-f28_1280x720.png 1057,107,1128,180,2 365,241,417,292,2 69,151,142,230,2 65,234,97,296,17 566,92,592,162,5
images/aea5114e-f61_1280x720.png 301,204,364,265,1 324,302,351,361,19
images/af1f3ea4-f64_1280x720.png 895,137,965,236,0 66,93,89,146,5 227,262,268,277,6
images/b029a1cf-f70_1280x720.png 297,406,366,505,2 515,220,605,323,2 622,86,670,271,5 296,539,335,654,17
images/b0dc1cfd-f63_1280x720.png 964,169,1034,242,8 965,325,1035,360,13 945,391,984,420,13
images/b11902cc-f148_1280x720.png 58,90,110,142,2 228,118,269,159,2 63,209,108,233,11 198,75,224,143,5 75,235,89,283,17
images/b175fd7e-f99_1280x720.png 994,213,1204,426,25
images/b2391640-f13_1280x720.png 1076,245,1121,287,2 976,117,1017,156,2 80,113,114,154,2 162,244,192,275,2
images/b2d69925-f74_1280x720.png 1195,155,1250,237,0
images/b3313e65-f65_1280x720.png 24,25,124,150,2 302,268,419,381,21 1174,399,1267,580,17
images/b3af8a26-f67_1280x720.png 1085,89,1183,179,16
images/b5a4cecd-f34_1280x720.png 142,160,189,207,1 145,214,189,236,11 158,241,180,287,19
images/b6200860-f130_1280x720.png 81,185,117,272,5 225,272,292,295,6 820,85,864,144,4 925,249,967,290,3 997,266,1068,292,6 1023,195,1060,239,24
images/b624fd1c-f27_1280x720.png 1068,77,1138,144,3 1050,146,1117,238,5 1174,356,1263,382,6 49,295,93,338,2
images/b64acf2d-f51_1280x720.png 680,22,728,95,2 810,301,867,382,2 1098,348,1145,407,8 161,425,204,466,2 57,266,101,309,2 557,320,574,383,5 476,481,498,520,17
images/b6813ec7-f17_1280x720.png 970,219,1003,249,1 974,252,1004,267,11
images/b85be79a-f157_1280x720.png 594,150,630,193,2 430,222,461,257,8 1017,237,1036,277,17 1099,79,1116,139,5 1127,69,1156,111,2
images/b8600f0d-f176_1280x720.png 147,20,223,98,1 897,260,939,302,2 835,169,870,207,2 395,192,427,225,2 329,247,362,280,2
images/b94b80a4-f195_1280x720.png 843,248,869,275,8 844,282,873,296,9
images/ba27261e-f128_1280x720.png 970,163,1022,220,20
images/bb322847-f71_1280x720.png 606,183,684,263,2 372,378,442,460,2 592,459,646,521,8 722,78,767,240,5 387,489,411,591,17 589,527,646,560,9
images/bd617c2f-f4_1280x720.png 884,198,916,235,8 755,268,770,281,8 232,202,266,236,1 241,239,260,273,19 235,274,269,292,11 880,237,918,255,9 755,282,771,290,9
images/bed46c15-f103_1280x720.png 97,80,192,158,1 115,163,164,242,19 81,247,181,295,11
images/bf07a518-f118_1280x720.png 946,307,971,345,7 222,309,251,340,1
images/bf2d2af2-f123_1280x720.png 1033,23,1116,109,2 154,125,199,173,2 1027,121,1052,171,17 168,184,184,218,17
images/bf5cf487-f62_1280x720.png 1175,109,1238,177,1 1171,223,1235,259,11 1187,265,1223,336,19
images/c0aaf465-f29_1280x720.png 476,15,508,105,5 1071,50,1146,141,2 209,200,282,272,2
images/c0e9562c-f13_1280x720.png 208,177,249,214,1 221,235,242,273,12 212,217,252,233,11 844,185,875,219,3 847,223,874,251,2 878,165,910,199,8 878,200,911,216,9 805,236,840,248,6 760,129,783,172,5 787,150,815,175,2 517,184,539,209,2 877,220,905,236,10
images/c0ec4009-f21_1280x720.png 62,253,95,306,0
images/c0f1e01b-f81_1280x720.png 1030,192,1080,268,0
images/c17ddc6c-f189_1280x720.png 241,124,291,169,2
images/c1f4b29e-f46_1280x720.png 57,157,124,228,8 55,232,125,267,13
images/c26ebbc3-f91_1280x720.png 1041,237,1111,303,20 1038,126,1117,193,25
images/c41eafdb-f193_1280x720.png 1009,67,1063,122,8 743,176,765,198,8 1004,134,1060,161,9 743,202,767,216,9
images/c4f214ce-f80_1280x720.png 1159,116,1227,192,24
images/c61d3c40-f8_1280x720.png 1023,218,1078,268,8 754,337,765,348,8 144,334,180,356,11 151,287,173,332,19 142,243,182,284,1 1025,273,1079,302,9
images/c68a985f-f102_1280x720.png 1083,164,1142,255,0 62,179,99,210,1 73,213,91,249,19 64,251,103,269,11
images/c8181a13-f33_1280x720.png 1135,176,1202,237,3 53,136,88,194,0
images/ca7b3442-f153_1280x720.png 965,192,1008,235,2 956,254,1004,271,6 852,86,887,121,2 891,88,910,145,5 988,110,1028,146,21
images/cabbbf6c-f69_1280x720.png 853,269,930,369,2 631,54,718,136,2 407,235,498,324,1 829,422,865,536,17
images/cf82bc56-f50_1280x720.png 944,119,984,158,2 1064,256,1109,300,2 896,75,922,150,5 1067,317,1078,364,17 105,307,116,345,17 178,145,213,180,2 94,256,126,289,2 1147,306,1233,327,6 1123,170,1178,221,1 1125,259,1179,281,11
images/d0b7bda0-f154_1280x720.png 932,62,984,111,2 1104,214,1161,273,2 1131,95,1186,143,21 991,66,1019,146,5 1090,303,1161,328,6
images/d28cdf97-f57_1280x720.png 1074,199,1131,267,1 1072,310,1134,345,11
images/d33c8450-f5_1280x720.png 1010,134,1063,185,1 1012,196,1064,217,11 1026,227,1050,276,19
images/d426139e-f37_1280x720.png 1144,154,1212,213,1
images/d59543f5-f10_1280x720.png 868,130,900,160,2 952,228,989,261,2 950,132,987,163,21 1078,179,1131,228,1 1078,234,1129,255,11 1093,265,1114,310,12
images/d5f6f7ee-f11_1280x720.png 891,17,961,92,2 1082,277,1142,354,2
images/d7332aef-f106_1280x720.png 1007,148,1104,245,1 1035,250,1083,346,19 1010,354,1106,402,11 412,247,436,307,5 402,202,445,245,2
images/d83eb7cf-f175_1280x720.png 928,175,982,226,2 852,61,897,106,2 229,156,272,199,2 312,91,351,127,2
images/d8433ab4-f160_1280x720.png 1136,189,1211,266,3 477,67,567,105,6 1059,29,1091,126,5
images/d8f849c4-f121_1280x720.png 148,265,172,306,7 143,309,170,336,1
images/da4b2302-f22_1280x720.png 685,123,742,181,2 6,273,63,330,2 332,244,363,280,2 367,213,404,272,5 367,267,387,284,22 912,290,937,313,23 908,316,937,328,11 364,290,388,301,11 981,330,1003,363,17 214,333,241,364,17
images/da8c0bee-f18_1280x720.png 1141,129,1211,201,8 1139,207,1212,246,9 1139,250,1212,287,10 948,272,991,317,2 944,221,992,268,3 889,295,943,312,6 857,165,897,198,2 452,217,486,252,2 817,131,848,197,5
images/dbc842f9-f68_1280x720.png 1131,127,1219,247,3 921,254,983,315,24
images/dc10f2ae-f20_1280x720.png 152,238,182,289,0
images/dcbd40dc-f15_1280x720.png 1041,170,1083,212,1 1044,218,1086,236,11
images/de0a95c0-f25_1280x720.png 1011,127,1084,195,2 935,39,999,97,2 1086,111,1148,172,21 891,0,925,75,5 274,160,326,211,2 1092,263,1107,326,17 464,211,479,247,5
images/de3112a5-f163_1280x720.png 863,135,902,174,2 459,169,491,200,2 330,218,369,258,2 1020,163,1058,199,24 1016,204,1061,248,2 1013,279,1070,298,6 904,324,933,351,1 908,139,926,199,5 437,170,458,223,5
images/de99d8a9-f52_1280x720.png 1164,146,1236,210,2 1059,457,1091,501,2 1244,471,1273,506,8 1057,42,1147,173,5
images/dea2d33a-f183_1280x720.png 937,27,998,91,2 1011,29,1048,142,5 1070,150,1145,214,21 1072,225,1148,305,2 1068,351,1153,385,6 52,267,92,311,2 208,180,240,216,2
images/dee52848-f7_1280x720.png 1169,55,1244,136,8 876,210,909,244,8 1171,142,1248,183,11 875,248,912,266,11 788,251,808,262,11 733,226,749,241,8
images/e08bbf20-f60_1280x720.png 235,60,342,339,0
images/e13c6ae2-f0_1280x720.png 636,62,646,91,5 415,69,426,94,5 700,154,727,164,6 688,120,708,140,2 652,79,668,95,2 361,120,379,135,2
images/e21ca53c-f12_1280x720.png 992,83,1040,131,2 1159,204,1241,230,6 427,178,445,199,2 477,105,491,138,5 70,58,94,102,5 140,139,168,163,21 183,195,227,212,6 136,108,167,140,16
images/e2379fad-f2_1280x720.png 261,190,289,219,1 267,222,283,253,19 261,253,292,271,11 833,188,866,220,8 723,248,736,261,8 835,222,866,237,9
images/e253919d-f42_1280x720.png 950,192,993,236,1 953,271,997,291,11
images/e2ffaeab-f158_1280x720.png 976,107,1010,155,2 841,210,879,259,2 342,199,390,250,2 122,290,159,335,8 938,115,958,186,5
images/e3872432-f186_1280x720.png 967,222,1014,272,2 873,173,902,198,8 466,123,484,164,5
images/e38b1be5-f59_1280x720.png 1077,62,1141,232,0
images/e3c9e8ef-f8_1280x720.png 1033,151,1083,202,1 1036,211,1085,232,11 1047,239,1069,285,19
images/e50be9ef-f134_1280x720.png 191,142,238,183,2 279,52,312,86,2 319,23,339,77,5
images/ebdf4248-f70_1280x720.png 1155,89,1221,251,0 873,234,910,295,7
images/edb2bacb-f191_1280x720.png 973,252,1032,317,2 769,198,799,230,8 770,233,802,250,10 769,254,801,268,9 252,145,269,193,5 275,144,304,172,2 196,198,221,232,2 960,190,987,236,17 226,210,245,240,17
images/ee7afc80-f47_1280x720.png 31,198,69,253,0
images/efb01f41-f92_1280x720.png 727,325,793,389,25 792,328,856,389,20
images/f0854e96-f25_1280x720.png 1170,226,1222,309,0
images/f0b27e0f-f184_1280x720.png 129,163,186,212,2 301,73,340,112,2 146,240,171,285,17
images/f213bad9-f166_1280x720.png 1109,207,1167,266,1
images/f356059c-f74_1280x720.png 1048,433,1116,543,2 762,157,854,273,2 203,341,303,466,1
images/f4ef5c32-f35_1280x720.png 1173,88,1246,164,1 1192,216,1224,283,12
images/f56740a9-f105_1280x720.png 14,237,97,365,7
images/f5b898b1-f82_1280x720.png 1033,231,1118,322,20 573,301,633,365,3 414,332,440,362,24
images/f60c48f7-f142_1280x720.png 1146,171,1212,222,2 1038,70,1083,119,2 1141,239,1172,291,17 185,252,207,285,17 260,169,285,198,2 178,207,216,245,2
images/f8a86d98-f196_1280x720.png 909,186,947,227,8 909,235,950,253,9
images/f9891d53-f87_1280x720.png 1165,234,1236,303,25 51,216,124,282,25
images/fbf42e79-f41_1280x720.png 1058,79,1111,133,2 1171,175,1229,233,2 894,221,929,255,1 151,122,194,163,2 49,220,93,261,2 202,88,224,149,5 1141,291,1176,350,17 77,269,103,312,17 898,282,932,294,11
images/fd4b390b-f144_1280x720.png 993,206,1041,257,2 833,126,868,166,2 332,137,361,167,2 258,237,291,272,2 1069,274,1129,297,6 884,88,903,148,5 916,124,965,175,3
