images/01e67456-4bd2c51a-document_5280547541790762168_out0039resized.jpg 118,130,137,174,0 198,172,210,186,0 176,144,186,157,0 47,186,57,195,0
images/0529b11e-2b116e42-document_5280547541790762168_out0021resized.jpg 36,192,46,203,0 133,127,143,140,0
images/09b97629-a33627da-document_5280547541790762168_out0038resized.jpg 135,155,153,191,0 199,185,212,198,0 179,158,190,170,0 53,195,66,206,0 104,161,111,169,0
images/0d21d4ed-a86b14b3-document_5280547541790762168_out0006resized.jpg 248,188,257,195,0 246,177,256,185,1 127,190,134,199,0
images/109f0d24-b4969edf-document_5280547541790762168_out0040resized.jpg 98,121,125,171,0 196,174,212,191,0 173,145,185,157,0 41,186,50,197,0
images/119bf3c6-2d01c424-facdf40a-6resized.jpg 323,107,364,150,0 230,157,239,167,0
images/12c15b32-73bd6546-document_5280547541790762168_out0026resized.jpg 176,201,195,217,0 175,175,197,197,1 91,130,107,142,0 145,219,154,228,0
images/1392fe3e-ecda5ec8-document_5280547541790762168_out0052resized.jpg 110,109,147,145,0
images/14b2e84a-d94c0dad-c0d3166f-sign60_1resized.jpg 205,195,229,215,3
images/1849691c-70cf9648-4437fbda-5resized.jpg 263,171,324,230,2 363,223,377,235,0
images/1a39a37f-5cf1d13e-document_5280547541790762168_out0013resized.jpg 216,189,228,199,1 216,202,227,211,0 165,162,175,173,0 76,210,87,218,0
images/1bf1522e-5285a5a5-VID_20230108_092941_out0040resized.jpg 288,173,302,187,1
images/1c93d6b4-420c80fb-road_signs_test_out0018resized.jpg 363,185,378,201,1 5,205,13,217,0
images/1d05c050-3590e96c-VID_20230108_092941_out0042resized.jpg 293,169,312,188,1
images/1e6240a2-28142393-VID_20230108_092856_out0027resized.jpg 259,162,270,174,0 99,168,109,179,0 282,143,306,164,1
images/1fdac5b4-098e36d1-VID_20230108_092941_out0021resized.jpg 280,174,293,186,1
images/211830d4-95ff70c6-document_5280547541790762168_out0001resized.jpg 260,174,271,183,1 260,186,268,194,0
images/22f6a7c2-87bcffad-document_5280547541790762168_out0018resized.jpg 167,183,180,196,0 166,168,181,182,1 102,132,116,145,0 1,192,14,203,0
images/2802465d-ddba2b41-road_signs_test_out0021resized.jpg 263,166,276,177,0 331,197,344,208,0 119,177,126,186,0 101,208,108,216,0
images/29a2daca-7a2a2a60-VID_20230108_092856_out0022resized.jpg 236,182,243,187,1
images/2a10c9a4-df861337-document_5280547541790762168_out0032resized.jpg 72,163,102,193,0 68,121,107,160,1 212,196,221,204,0
images/2b5bdfba-e2f0865d-7a579eeb-IMG_7106_copyresized.jpg 261,116,329,188,1 90,183,102,196,0
images/2b83c78f-c1dfb504-VID_20230108_092941_out0012resized.jpg 354,94,386,122,1 269,168,277,176,1
images/2bb01f86-01f59cfd-VID_20230108_092856_out0012resized.jpg 253,163,266,176,1
images/2c7d4e0e-dc8e6f02-document_5280547541790762168_out0054resized.jpg 82,88,130,113,0
images/2de8f76c-0cf8449c-VID_20230108_092941_out0007resized.jpg 312,140,335,162,0 2,136,18,152,0 256,169,272,184,1
images/3265013a-f135c660-document_5280547541790762168_out0036resized.jpg 158,171,171,198,0 203,191,215,202,0 64,201,74,212,0 184,166,195,179,0
images/32b85e4f-14608aac-d40bef38-1resized.jpg 285,63,365,146,0
images/3544f059-c7ca0e8c-VID_20230108_092856_out0010resized.jpg 239,177,247,185,1
images/357bfabd-229920d2-VID_20230108_092941_out0006resized.jpg 271,164,290,180,0 70,160,85,171,0 246,180,256,190,1
images/364f32d1-ea026299-document_5280547541790762168_out0035resized.jpg 0,144,29,183,0 2,91,32,127,1 76,203,89,214,0 122,172,130,183,0 191,171,200,180,0 210,193,223,204,0 174,180,183,202,0
images/37142520-0d606b63-road_signs_test_out0026resized.jpg 361,177,376,198,0
images/371f46d2-cf14e9f1-document_5280547541790762168_out0041resized.jpg 62,96,104,164,0 191,168,208,186,0 169,139,182,152,0 30,181,44,196,0
images/37c463ac-8a5bcfce-VID_20230108_092941_out0044resized.jpg 359,122,399,155,1
images/38672317-a172cd5e-VID_20230108_092941_out0027resized.jpg 261,191,271,204,0
images/38812a72-8d1dca44-document_5280547541790762168_out0049resized.jpg 138,156,161,180,0 95,102,115,124,0
images/391c5fbc-5a429faa-road_signs_test_out0010resized.jpg 158,170,172,183,0 246,130,260,145,0 349,179,363,192,0 80,160,91,170,0 346,144,365,163,1
images/3dc3f102-b8d74805-0601be34-a58fcdes-960resized.jpg 298,152,329,180,0 247,202,262,215,0 224,210,232,219,0 127,110,153,134,1 130,157,153,177,0
images/3f20bb71-f16b7271-VID_20230108_092941_out0036resized.jpg 248,152,260,165,1
images/3f5dd137-174c0ae1-document_5280547541790762168_out0051resized.jpg 391,122,415,160,0 125,130,157,152,0
images/417c422d-ef5b4afe-VID_20230108_092941_out0010resized.jpg 278,149,291,161,1
images/45d6ef2d-22eba05d-road_signs_test_out0020resized.jpg 318,210,328,219,0 260,184,271,195,0
images/4916ccc1-ce21fc63-road_signs_test_out0005resized.jpg 260,181,276,197,1
images/4c001784-f964cf10-document_5280547541790762168_out0045resized.jpg 211,171,229,188,0 182,133,197,146,0 88,146,101,158,0 30,193,38,203,0
images/4cb821c7-cb80786e-document_5280547541790762168_out0002resized.jpg 259,174,271,185,1 260,187,270,194,0 144,187,152,196,0
images/512adefd-e84c878b-VID_20230108_092941_out0031resized.jpg 360,93,395,131,0
images/570e93ba-205a6142-4e282437-10resized.jpg 146,124,166,140,0 235,115,253,132,0 314,124,343,150,1 278,199,289,209,2 304,180,320,198,0 89,190,105,204,0
images/5745c680-6392a8b7-document_5280547541790762168_out0025resized.jpg 179,163,199,181,1 182,188,195,203,0 0,201,10,209,0 249,197,257,205,0
images/57be0638-48ad958a-document_5280547541790762168_out0010resized.jpg 241,188,251,198,0 239,174,252,185,1
images/59a4a66c-204c16ce-VID_20230108_092941_out0029resized.jpg 88,180,103,198,0 342,159,365,180,0
images/5db3e801-a126a1ba-VID_20230108_092856_out0014resized.jpg 293,138,319,165,1
images/5e143fab-705d6325-VID_20230108_092941_out0038resized.jpg 267,158,277,169,1
images/5fcbdfbb-b03689ff-document_5280547541790762168_out0003resized.jpg 260,174,269,183,1 261,186,269,197,0
images/60158b38-ebb55cca-VID_20230108_092856_out0026resized.jpg 324,116,356,150,1 261,159,275,175,1 249,167,258,178,0 122,172,130,180,0
images/64d25db4-3ad63dee-document_5280547541790762168_out0005resized.jpg 252,177,261,185,1 251,185,262,197,0
images/66b5fa24-d18304c3-VID_20230108_092941_out0013resized.jpg 277,163,288,175,1
images/66c74194-260da6b1-document_5280547541790762168_out0012resized.jpg 231,179,244,192,1 233,194,242,203,0 183,154,191,162,0
images/675b33fc-9c96e124-document_5280547541790762168_out0037resized.jpg 149,164,161,196,0 202,189,214,201,0 180,163,190,176,0 60,200,69,211,0
images/68798499-476bb7eb-road_signs_test_out0012resized.jpg 98,126,124,148,0 61,198,69,209,0
images/6c4b4f86-a6a26040-f88d553d-sign60resized.jpg 195,200,208,209,3
images/6f7f30b1-5c509091-document_5280547541790762168_out0029resized.jpg 127,180,144,204,0 20,92,39,105,0
images/6f964ac3-3c0be622-road_signs_test_out0013resized.jpg 8,189,24,206,0 293,194,303,204,1
images/732fb93a-bef6de24-road_signs_test_out0015resized.jpg 321,185,335,198,1
images/74524f5a-189e8daf-document_5280547541790762168_out0014resized.jpg 162,179,175,192,1 109,150,119,161,0 160,192,176,208,0 8,199,19,210,0
images/749139ee-2fcd351e-ca1d4609-7resized.jpg 183,85,232,129,0 14,172,33,191,0 42,166,61,190,0
images/74f817c3-230ed06d-document_5280547541790762168_out0023resized.jpg 180,180,199,196,0 180,158,199,179,1 104,116,121,135,0 9,194,20,205,0
images/7519fd19-b8f0ec55-document_5280547541790762168_out0046resized.jpg 210,180,232,199,0 177,138,195,157,0 82,153,95,168,0 16,202,33,220,0
images/7641e265-6c87e0a8-VID_20230108_092941_out0022resized.jpg 305,166,320,178,1
images/76b76c7f-60b08a80-VID_20230108_092941_out0011resized.jpg 304,130,320,150,1 258,168,266,177,1
images/799cd8bd-18b301a5-road_signs_test_out0014resized.jpg 305,184,317,197,1
images/7a0cc9d3-a94ec1cb-document_5280547541790762168_out0044resized.jpg 206,169,229,187,0 182,135,196,151,0 33,188,45,201,0
images/7bcfe9a1-220480c8-VID_20230108_092941_out0058resized.jpg 94,135,106,148,0 276,130,295,149,0
images/805782f2-a5e8cd4d-VID_20230108_092941_out0023resized.jpg 332,151,355,168,1
images/81f8feb0-c0e48f0b-495d5c63-8resized.jpg 333,140,382,195,0 131,194,142,212,0
images/83ca7214-d13d9f2b-document_5280547541790762168_out0017resized.jpg 171,177,184,190,1 171,193,184,206,0 112,144,122,154,0 11,199,22,210,0
images/84b8790f-017e2857-fab36672-3resized.jpg 292,62,364,124,0
images/84d47365-faa05dfc-document_5280547541790762168_out0015resized.jpg 159,187,172,199,0 159,173,172,185,1 102,141,114,153,0
images/86826355-72478baf-document_5280547541790762168_out0034resized.jpg 33,148,67,186,0 35,104,74,142,1 19,206,31,215,0 84,204,94,213,0 214,196,227,205,0 196,171,207,182,0
images/88e16db0-9480a4c9-VID_20230108_092941_out0043resized.jpg 311,166,338,193,1
images/896d99d3-8d082666-document_5280547541790762168_out0050resized.jpg 130,144,160,172,0 83,92,102,110,0
images/89f77c27-6b8cf514-VID_20230108_092941_out0041resized.jpg 291,158,308,174,1
images/8cebc083-d3e89f95-document_5280547541790762168_out0008resized.jpg 232,191,241,198,0 232,179,243,189,1 106,197,116,205,0
images/8d7cbebf-3414151d-VID_20230108_092941_out0008resized.jpg 279,158,301,180,1
images/8da8f03d-11e5bffc-7388a3ba-4resized.jpg 5,124,61,161,0 235,70,251,84,0 298,129,309,139,0
images/8db5b602-26256cec-VID_20230108_092856_out0003resized.jpg 344,107,382,145,1 269,152,288,168,0 80,152,91,164,0
images/8e1436b0-07544993-VID_20230108_092856_out0001resized.jpg 252,136,261,147,0 104,133,114,142,0 285,116,303,136,1
images/8f6489aa-3232e9d7-road_signs_test_out0009resized.jpg 113,174,121,182,0 177,185,188,196,0 242,157,251,167,0 316,190,329,203,0 314,167,329,181,1
images/9009df63-f24eb2d4-VID_20230108_092941_out0035resized.jpg 242,158,253,167,1
images/9064e719-e29f8e15-VID_20230108_092941_out0004resized.jpg 249,178,255,186,0 130,174,139,183,0
images/948433f3-b341350d-96c4cbce-196956resized.jpg 328,149,361,183,1 179,169,194,183,1 144,171,155,183,1 126,178,135,186,1
images/953fb3c8-53be2a20-VID_20230108_092856_out0024resized.jpg 257,163,269,176,1 243,177,251,182,1
images/9a685ae9-05fbb88f-dcde9adb-9resized.jpg 118,88,168,125,0 177,260,236,314,0
images/9a7bc5ef-0120c714-road_signs_test_out0019resized.jpg 372,174,391,190,1 320,219,330,228,0
images/9cfd985a-6b4a08f2-91d8c7e5-8resized.jpg 246,160,309,218,2
images/9f9ed7c9-40eb32a1-e93ce6a6-6resized.jpg 293,76,392,175,2
images/a061ffdc-d704d140-document_5280547541790762168_out0048resized.jpg 170,160,194,184,0 132,117,151,134,0 27,141,40,154,0
images/a0e0a1eb-434f474c-VID_20230108_092856_out0029resized.jpg 338,108,369,135,0
images/a131ae9e-4609f285-VID_20230108_092856_out0028resized.jpg 360,90,401,131,1 59,154,74,169,0 281,140,300,159,0
images/aaead042-88cc9555-road_signs_test_out0011resized.jpg 129,138,149,159,0 149,163,161,176,0 30,133,44,144,0
images/acc72409-564b57aa-VID_20230108_092856_out0025resized.jpg 277,144,299,163,1 250,165,261,173,1 244,168,249,176,0 138,171,147,179,0
images/adc1f901-3c7b3758-document_5280547541790762168_out0030resized.jpg 108,156,131,176,1 107,183,131,211,0
images/ae36f2af-a6fb8c7f-document_5280547541790762168_out0027resized.jpg 157,193,179,212,0 62,114,81,133,0 158,166,178,190,1 239,205,250,214,0
images/b3182c3a-07d0cc82-document_5280547541790762168_out0020resized.jpg 204,185,217,198,0 138,130,154,144,0 43,192,58,205,0
images/b3d72cee-59c03fa6-document_5280547541790762168_out0042resized.jpg 26,91,70,146,0 196,173,211,189,0 170,139,181,152,0
images/b41ebba1-178e947f-document_5280547541790762168_out0024resized.jpg 179,158,198,176,1 181,179,198,197,0 3,194,17,207,0 247,190,256,199,0
images/b738135c-fbf31080-VID_20230108_092856_out0011resized.jpg 248,177,258,186,1
images/bb9ec588-b717b816-VID_20230108_092856_out0023resized.jpg 244,171,252,180,1
images/bc85fbec-f1404ec1-VID_20230108_092941_out0059resized.jpg 70,128,86,147,0 291,128,310,144,0
images/bf7a5697-78a69594-document_5280547541790762168_out0028resized.jpg 145,188,165,209,0 47,105,65,123,0
images/c1fad66d-b60b555c-document_5280547541790762168_out0011resized.jpg 236,194,247,202,0 238,180,248,191,1
images/c29201b9-56ded77f-road_signs_test_out0007resized.jpg 285,189,293,198,1
images/c7180269-977a9e62-VID_20230108_092856_out0013resized.jpg 266,160,280,174,1
images/c8d73464-bed22824-road_signs_test_out0016resized.jpg 59,203,68,212,0 341,182,354,195,1
images/c9638e6f-ebb119a8-6c89256a-1245800resized.jpg 242,125,302,189,1 138,221,148,227,1
images/c987b732-688ca9bc-document_5280547541790762168_out0016resized.jpg 174,191,187,202,0 115,143,128,154,0 174,174,187,186,1
images/cccdbddf-0ca562ad-document_5280547541790762168_out0031resized.jpg 89,171,119,200,0 88,135,119,165,1 213,198,224,207,0
images/cf3eabc0-c9ae70ed-document_5280547541790762168_out0047resized.jpg 194,180,218,198,0 160,136,180,153,0 61,155,74,166,0
images/d06ad855-586f495e-VID_20230108_092856_out0002resized.jpg 285,114,306,136,1 251,133,263,146,0 104,133,112,143,0
images/d3c96124-695a185e-document_5280547541790762168_out0019resized.jpg 173,169,189,182,1 174,184,186,195,0 108,130,122,141,0 10,191,19,203,0
images/d410c6dc-8042c9d5-document_5280547541790762168_out0022resized.jpg 190,184,206,197,0 117,126,133,138,0 21,196,34,206,0 194,168,203,179,1
images/d687e127-6d3f0c7d-document_5280547541790762168_out0053resized.jpg 97,93,138,135,1
images/d757edd1-860d2760-47a60235-scale_1200resized.jpg 300,182,329,209,3
images/d801b4ab-54c88ee9-VID_20230108_092941_out0014resized.jpg 294,146,310,162,1
images/d8031cd7-b2ddbf5d-VID_20230108_092941_out0009resized.jpg 332,130,362,166,1 262,171,273,180,1
images/dae94e54-1330e337-VID_20230108_092941_out0030resized.jpg 340,131,368,158,0 7,161,24,181,0
images/e07ed448-68dcf62c-VID_20230108_092941_out0028resized.jpg 388,148,410,168,2 185,191,196,203,0
images/e0db4dba-35652c29-VID_20230108_092941_out0005resized.jpg 255,170,266,185,0 106,166,119,179,0
images/e2aa7ea7-aaa7dd4c-road_signs_test_out0017resized.jpg 359,180,375,196,1
images/e5e75f5c-395ae83f-road_signs_test_out0022resized.jpg 358,182,372,196,0 273,146,289,160,0 95,160,108,173,0 74,194,85,208,0
images/e663a42f-0f38abb1-VID_20230108_092941_out0056resized.jpg 299,144,312,157,2
images/ec7c15d6-3b3a2137-VID_20230108_092941_out0015resized.jpg 338,116,365,142,1
images/ed9519d7-7461653b-road_signs_test_out0008resized.jpg 299,201,311,209,0 299,182,310,192,1 240,172,251,180,0 190,194,201,205,0 136,185,145,194,0
images/f0b6330f-19ed3b15-489b200a-11resized.jpg 316,120,388,190,2
images/f2175f5c-bc7a80d5-VID_20230108_092856_out0004resized.jpg 313,135,340,155,0 19,134,38,154,0
images/f3b2e689-0d3cdeb5-VID_20230108_092941_out0055resized.jpg 278,155,294,168,2
images/f416d330-26fae890-document_5280547541790762168_out0043resized.jpg 203,170,219,186,0 175,135,190,149,0 30,187,43,200,0 90,146,101,157,0
images/f44a3baf-293ac029-document_5280547541790762168_out0004resized.jpg 260,173,269,182,1 260,185,268,192,0
images/f5b4ba9b-ecfd95eb-13ee83ac-50823695e4c7e07849cefa5339b24604resized.jpg 246,97,343,194,1
images/f5c49f64-2e9260a3-document_5280547541790762168_out0033resized.jpg 62,116,100,152,1 62,158,97,197,0
images/f7213d56-a2216b74-3588ea35-5resized.jpg 146,128,204,180,0 80,160,107,204,0 310,209,323,222,0
images/f9587cb3-63a0ce52-VID_20230108_092941_out0037resized.jpg 252,146,264,159,1
images/fc6e21ef-5ba41e40-VID_20230108_092941_out0034resized.jpg 240,179,249,191,1
images/fdd7f5af-96bb2ee1-VID_20230108_092941_out0057resized.jpg 332,111,359,133,2 115,147,126,158,0
images/fde37505-39b8edc1-document_5280547541790762168_out0009resized.jpg 240,188,251,198,0 238,176,252,188,1
images/014ce943-7ff29689-VID_20230108_092856_out0015resized1.jpg 240,188,251,198,0 238,176,252,188,1
images/014ce943-7ff29689-VID_20230108_092856_out0015resized2.jpg 240,188,251,198,0 238,176,252,188,1
images/014ce943-7ff29689-VID_20230108_092856_out0015resized3.jpg 240,188,251,198,0 238,176,252,188,1
images/018762a1-4ffd1503-VID_20230108_092856_out0018resized1.jpg 240,188,251,198,0 238,176,252,188,1
images/018762a1-4ffd1503-VID_20230108_092856_out0018resized2.jpg 240,188,251,198,0 238,176,252,188,1
images/018762a1-4ffd1503-VID_20230108_092856_out0018resized3.jpg 240,188,251,198,0 238,176,252,188,1
images/01e67456-4bd2c51a-document_5280547541790762168_out0039resized1.jpg 118,130,137,174,0 198,172,210,186,0 176,144,186,157,0 47,186,57,195,0
images/01e67456-4bd2c51a-document_5280547541790762168_out0039resized2.jpg 118,130,137,174,0 198,172,210,186,0 176,144,186,157,0 47,186,57,195,0
images/01e67456-4bd2c51a-document_5280547541790762168_out0039resized3.jpg 118,130,137,174,0 198,172,210,186,0 176,144,186,157,0 47,186,57,195,0
images/04294b32-b9f2ad58-VID_20230108_092941_out0047resized1.jpg 240,188,251,198,0 238,176,252,188,1
images/04294b32-b9f2ad58-VID_20230108_092941_out0047resized2.jpg 240,188,251,198,0 238,176,252,188,1
images/04294b32-b9f2ad58-VID_20230108_092941_out0047resized3.jpg 240,188,251,198,0 238,176,252,188,1
images/0529b11e-2b116e42-document_5280547541790762168_out0021resized1.jpg 36,192,46,203,0 133,127,143,140,0
images/0529b11e-2b116e42-document_5280547541790762168_out0021resized2.jpg 36,192,46,203,0 133,127,143,140,0
images/0529b11e-2b116e42-document_5280547541790762168_out0021resized3.jpg 36,192,46,203,0 133,127,143,140,0
images/09b97629-a33627da-document_5280547541790762168_out0038resized1.jpg 135,155,153,191,0 199,185,212,198,0 179,158,190,170,0 53,195,66,206,0 104,161,111,169,0
images/09b97629-a33627da-document_5280547541790762168_out0038resized2.jpg 135,155,153,191,0 199,185,212,198,0 179,158,190,170,0 53,195,66,206,0 104,161,111,169,0
images/09b97629-a33627da-document_5280547541790762168_out0038resized3.jpg 135,155,153,191,0 199,185,212,198,0 179,158,190,170,0 53,195,66,206,0 104,161,111,169,0
images/0d21d4ed-a86b14b3-document_5280547541790762168_out0006resized1.jpg 248,188,257,195,0 246,177,256,185,1 127,190,134,199,0
images/0d21d4ed-a86b14b3-document_5280547541790762168_out0006resized2.jpg 248,188,257,195,0 246,177,256,185,1 127,190,134,199,0
images/0d21d4ed-a86b14b3-document_5280547541790762168_out0006resized3.jpg 248,188,257,195,0 246,177,256,185,1 127,190,134,199,0
images/0fae65f5-c8661055-VID_20230108_092856_out0008resized1.jpg 240,188,251,198,0 238,176,252,188,1
images/0fae65f5-c8661055-VID_20230108_092856_out0008resized2.jpg 240,188,251,198,0 238,176,252,188,1
images/0fae65f5-c8661055-VID_20230108_092856_out0008resized3.jpg 240,188,251,198,0 238,176,252,188,1
images/109f0d24-b4969edf-document_5280547541790762168_out0040resized1.jpg 98,121,125,171,0 196,174,212,191,0 173,145,185,157,0 41,186,50,197,0
images/109f0d24-b4969edf-document_5280547541790762168_out0040resized2.jpg 98,121,125,171,0 196,174,212,191,0 173,145,185,157,0 41,186,50,197,0
images/109f0d24-b4969edf-document_5280547541790762168_out0040resized3.jpg 98,121,125,171,0 196,174,212,191,0 173,145,185,157,0 41,186,50,197,0
images/110384e4-5d1a11f9-VID_20230108_092856_out0017resized1.jpg 240,188,251,198,0 238,176,252,188,1
images/110384e4-5d1a11f9-VID_20230108_092856_out0017resized2.jpg 240,188,251,198,0 238,176,252,188,1
images/110384e4-5d1a11f9-VID_20230108_092856_out0017resized3.jpg 240,188,251,198,0 238,176,252,188,1
images/119bf3c6-2d01c424-facdf40a-6resized1.jpg 323,107,364,150,0 230,157,239,167,0
images/119bf3c6-2d01c424-facdf40a-6resized2.jpg 323,107,364,150,0 230,157,239,167,0
images/119bf3c6-2d01c424-facdf40a-6resized3.jpg 323,107,364,150,0 230,157,239,167,0
images/12c15b32-73bd6546-document_5280547541790762168_out0026resized1.jpg 176,201,195,217,0 175,175,197,197,1 91,130,107,142,0 145,219,154,228,0
images/12c15b32-73bd6546-document_5280547541790762168_out0026resized2.jpg 176,201,195,217,0 175,175,197,197,1 91,130,107,142,0 145,219,154,228,0
images/12c15b32-73bd6546-document_5280547541790762168_out0026resized3.jpg 176,201,195,217,0 175,175,197,197,1 91,130,107,142,0 145,219,154,228,0
images/13740b16-d7463a4d-VID_20230108_092941_out0052resized1.jpg 240,188,251,198,0 238,176,252,188,1
images/13740b16-d7463a4d-VID_20230108_092941_out0052resized2.jpg 240,188,251,198,0 238,176,252,188,1
images/13740b16-d7463a4d-VID_20230108_092941_out0052resized3.jpg 240,188,251,198,0 238,176,252,188,1
images/1392fe3e-ecda5ec8-document_5280547541790762168_out0052resized1.jpg 110,109,147,145,0
images/1392fe3e-ecda5ec8-document_5280547541790762168_out0052resized2.jpg 110,109,147,145,0
images/1392fe3e-ecda5ec8-document_5280547541790762168_out0052resized3.jpg 110,109,147,145,0
images/14b2e84a-d94c0dad-c0d3166f-sign60_1resized1.jpg 205,195,229,215,3
images/14b2e84a-d94c0dad-c0d3166f-sign60_1resized2.jpg 205,195,229,215,3
images/14b2e84a-d94c0dad-c0d3166f-sign60_1resized3.jpg 205,195,229,215,3
images/16b5ae70-f6c95790-VID_20230108_092941_out0033resized1.jpg 240,188,251,198,0 238,176,252,188,1
images/16b5ae70-f6c95790-VID_20230108_092941_out0033resized2.jpg 240,188,251,198,0 238,176,252,188,1
images/16b5ae70-f6c95790-VID_20230108_092941_out0033resized3.jpg 240,188,251,198,0 238,176,252,188,1
images/1849691c-70cf9648-4437fbda-5resized1.jpg 263,171,324,230,2 363,223,377,235,0
images/1849691c-70cf9648-4437fbda-5resized2.jpg 263,171,324,230,2 363,223,377,235,0
images/1849691c-70cf9648-4437fbda-5resized3.jpg 263,171,324,230,2 363,223,377,235,0
images/1a39a37f-5cf1d13e-document_5280547541790762168_out0013resized1.jpg 216,189,228,199,1 216,202,227,211,0 165,162,175,173,0 76,210,87,218,0
images/1a39a37f-5cf1d13e-document_5280547541790762168_out0013resized2.jpg 216,189,228,199,1 216,202,227,211,0 165,162,175,173,0 76,210,87,218,0
images/1a39a37f-5cf1d13e-document_5280547541790762168_out0013resized3.jpg 216,189,228,199,1 216,202,227,211,0 165,162,175,173,0 76,210,87,218,0
images/1b42fdb8-6ff5ac78-VID_20230108_092941_out0051resized1.jpg 240,188,251,198,0 238,176,252,188,1
images/1b42fdb8-6ff5ac78-VID_20230108_092941_out0051resized2.jpg 240,188,251,198,0 238,176,252,188,1
images/1b42fdb8-6ff5ac78-VID_20230108_092941_out0051resized3.jpg 240,188,251,198,0 238,176,252,188,1
images/1bd4db36-0cc97109-road_signs_test_out0029resized1.jpg 240,188,251,198,0 238,176,252,188,1
images/1bd4db36-0cc97109-road_signs_test_out0029resized2.jpg 240,188,251,198,0 238,176,252,188,1
images/1bd4db36-0cc97109-road_signs_test_out0029resized3.jpg 240,188,251,198,0 238,176,252,188,1
images/1bf1522e-5285a5a5-VID_20230108_092941_out0040resized1.jpg 288,173,302,187,1
images/1bf1522e-5285a5a5-VID_20230108_092941_out0040resized2.jpg 288,173,302,187,1
images/1bf1522e-5285a5a5-VID_20230108_092941_out0040resized3.jpg 288,173,302,187,1
images/1c93d6b4-420c80fb-road_signs_test_out0018resized1.jpg 363,185,378,201,1 5,205,13,217,0
images/1c93d6b4-420c80fb-road_signs_test_out0018resized2.jpg 363,185,378,201,1 5,205,13,217,0
images/1c93d6b4-420c80fb-road_signs_test_out0018resized3.jpg 363,185,378,201,1 5,205,13,217,0
images/1d05c050-3590e96c-VID_20230108_092941_out0042resized1.jpg 293,169,312,188,1
images/1d05c050-3590e96c-VID_20230108_092941_out0042resized2.jpg 293,169,312,188,1
images/1d05c050-3590e96c-VID_20230108_092941_out0042resized3.jpg 293,169,312,188,1
images/1e6240a2-28142393-VID_20230108_092856_out0027resized1.jpg 259,162,270,174,0 99,168,109,179,0 282,143,306,164,1
images/1e6240a2-28142393-VID_20230108_092856_out0027resized2.jpg 259,162,270,174,0 99,168,109,179,0 282,143,306,164,1
images/1e6240a2-28142393-VID_20230108_092856_out0027resized3.jpg 259,162,270,174,0 99,168,109,179,0 282,143,306,164,1
images/1fdac5b4-098e36d1-VID_20230108_092941_out0021resized1.jpg 280,174,293,186,1
images/1fdac5b4-098e36d1-VID_20230108_092941_out0021resized2.jpg 280,174,293,186,1
images/1fdac5b4-098e36d1-VID_20230108_092941_out0021resized3.jpg 280,174,293,186,1
images/1fdd4148-a24e9018-VID_20230108_092856_out0016resized1.jpg 240,188,251,198,0 238,176,252,188,1
images/1fdd4148-a24e9018-VID_20230108_092856_out0016resized2.jpg 240,188,251,198,0 238,176,252,188,1
images/1fdd4148-a24e9018-VID_20230108_092856_out0016resized3.jpg 240,188,251,198,0 238,176,252,188,1
images/211830d4-95ff70c6-document_5280547541790762168_out0001resized1.jpg 260,174,271,183,1 260,186,268,194,0
images/211830d4-95ff70c6-document_5280547541790762168_out0001resized2.jpg 260,174,271,183,1 260,186,268,194,0
images/211830d4-95ff70c6-document_5280547541790762168_out0001resized3.jpg 260,174,271,183,1 260,186,268,194,0
images/213d1001-9e1b3b66-VID_20230108_092941_out0019resized1.jpg 240,188,251,198,0 238,176,252,188,1
images/213d1001-9e1b3b66-VID_20230108_092941_out0019resized2.jpg 240,188,251,198,0 238,176,252,188,1
images/213d1001-9e1b3b66-VID_20230108_092941_out0019resized3.jpg 240,188,251,198,0 238,176,252,188,1
images/22f6a7c2-87bcffad-document_5280547541790762168_out0018resized1.jpg 167,183,180,196,0 166,168,181,182,1 102,132,116,145,0 1,192,14,203,0
images/22f6a7c2-87bcffad-document_5280547541790762168_out0018resized2.jpg 167,183,180,196,0 166,168,181,182,1 102,132,116,145,0 1,192,14,203,0
images/22f6a7c2-87bcffad-document_5280547541790762168_out0018resized3.jpg 167,183,180,196,0 166,168,181,182,1 102,132,116,145,0 1,192,14,203,0
images/26191faf-046981c7-VID_20230108_092856_out0021resized1.jpg 240,188,251,198,0 238,176,252,188,1
images/26191faf-046981c7-VID_20230108_092856_out0021resized2.jpg 240,188,251,198,0 238,176,252,188,1
images/26191faf-046981c7-VID_20230108_092856_out0021resized3.jpg 240,188,251,198,0 238,176,252,188,1
images/27d5b355-95606088-VID_20230108_092941_out0002resized1.jpg 240,188,251,198,0 238,176,252,188,1
images/27d5b355-95606088-VID_20230108_092941_out0002resized2.jpg 240,188,251,198,0 238,176,252,188,1
images/27d5b355-95606088-VID_20230108_092941_out0002resized3.jpg 240,188,251,198,0 238,176,252,188,1
images/2802465d-ddba2b41-road_signs_test_out0021resized1.jpg 263,166,276,177,0 331,197,344,208,0 119,177,126,186,0 101,208,108,216,0
images/2802465d-ddba2b41-road_signs_test_out0021resized2.jpg 263,166,276,177,0 331,197,344,208,0 119,177,126,186,0 101,208,108,216,0
images/2802465d-ddba2b41-road_signs_test_out0021resized3.jpg 263,166,276,177,0 331,197,344,208,0 119,177,126,186,0 101,208,108,216,0
images/29a2daca-7a2a2a60-VID_20230108_092856_out0022resized1.jpg 236,182,243,187,1
images/29a2daca-7a2a2a60-VID_20230108_092856_out0022resized2.jpg 236,182,243,187,1
images/29a2daca-7a2a2a60-VID_20230108_092856_out0022resized3.jpg 236,182,243,187,1
images/2a10c9a4-df861337-document_5280547541790762168_out0032resized1.jpg 72,163,102,193,0 68,121,107,160,1 212,196,221,204,0
images/2a10c9a4-df861337-document_5280547541790762168_out0032resized2.jpg 72,163,102,193,0 68,121,107,160,1 212,196,221,204,0
images/2a10c9a4-df861337-document_5280547541790762168_out0032resized3.jpg 72,163,102,193,0 68,121,107,160,1 212,196,221,204,0
images/2a3a9e60-b305351f-road_signs_test_out0004resized1.jpg 240,188,251,198,0 238,176,252,188,1
images/2a3a9e60-b305351f-road_signs_test_out0004resized2.jpg 240,188,251,198,0 238,176,252,188,1
images/2a3a9e60-b305351f-road_signs_test_out0004resized3.jpg 240,188,251,198,0 238,176,252,188,1
images/2b2e0220-1006d6b6-VID_20230108_092941_out0026resized1.jpg 240,188,251,198,0 238,176,252,188,1
images/2b2e0220-1006d6b6-VID_20230108_092941_out0026resized2.jpg 240,188,251,198,0 238,176,252,188,1
images/2b2e0220-1006d6b6-VID_20230108_092941_out0026resized3.jpg 240,188,251,198,0 238,176,252,188,1
images/2b5bdfba-e2f0865d-7a579eeb-IMG_7106_copyresized1.jpg 261,116,329,188,1 90,183,102,196,0
images/2b5bdfba-e2f0865d-7a579eeb-IMG_7106_copyresized2.jpg 261,116,329,188,1 90,183,102,196,0
images/2b5bdfba-e2f0865d-7a579eeb-IMG_7106_copyresized3.jpg 261,116,329,188,1 90,183,102,196,0
images/2b83c78f-c1dfb504-VID_20230108_092941_out0012resized1.jpg 354,94,386,122,1 269,168,277,176,1
images/2b83c78f-c1dfb504-VID_20230108_092941_out0012resized2.jpg 354,94,386,122,1 269,168,277,176,1
images/2b83c78f-c1dfb504-VID_20230108_092941_out0012resized3.jpg 354,94,386,122,1 269,168,277,176,1
images/2bb01f86-01f59cfd-VID_20230108_092856_out0012resized1.jpg 253,163,266,176,1
images/2bb01f86-01f59cfd-VID_20230108_092856_out0012resized2.jpg 253,163,266,176,1
images/2bb01f86-01f59cfd-VID_20230108_092856_out0012resized3.jpg 253,163,266,176,1
images/2c7d4e0e-dc8e6f02-document_5280547541790762168_out0054resized1.jpg 82,88,130,113,0
images/2c7d4e0e-dc8e6f02-document_5280547541790762168_out0054resized2.jpg 82,88,130,113,0
images/2c7d4e0e-dc8e6f02-document_5280547541790762168_out0054resized3.jpg 82,88,130,113,0
images/2de8f76c-0cf8449c-VID_20230108_092941_out0007resized1.jpg 312,140,335,162,0 2,136,18,152,0 256,169,272,184,1
images/2de8f76c-0cf8449c-VID_20230108_092941_out0007resized2.jpg 312,140,335,162,0 2,136,18,152,0 256,169,272,184,1
images/2de8f76c-0cf8449c-VID_20230108_092941_out0007resized3.jpg 312,140,335,162,0 2,136,18,152,0 256,169,272,184,1
images/3265013a-f135c660-document_5280547541790762168_out0036resized1.jpg 158,171,171,198,0 203,191,215,202,0 64,201,74,212,0 184,166,195,179,0
images/3265013a-f135c660-document_5280547541790762168_out0036resized2.jpg 158,171,171,198,0 203,191,215,202,0 64,201,74,212,0 184,166,195,179,0
images/3265013a-f135c660-document_5280547541790762168_out0036resized3.jpg 158,171,171,198,0 203,191,215,202,0 64,201,74,212,0 184,166,195,179,0
images/32b85e4f-14608aac-d40bef38-1resized1.jpg 285,63,365,146,0
images/32b85e4f-14608aac-d40bef38-1resized2.jpg 285,63,365,146,0
images/32b85e4f-14608aac-d40bef38-1resized3.jpg 285,63,365,146,0
images/330e3c40-b5033a61-road_signs_test_out0028resized1.jpg 240,188,251,198,0 238,176,252,188,1
images/330e3c40-b5033a61-road_signs_test_out0028resized2.jpg 240,188,251,198,0 238,176,252,188,1
images/330e3c40-b5033a61-road_signs_test_out0028resized3.jpg 240,188,251,198,0 238,176,252,188,1
images/3544f059-c7ca0e8c-VID_20230108_092856_out0010resized1.jpg 239,177,247,185,1
images/3544f059-c7ca0e8c-VID_20230108_092856_out0010resized2.jpg 239,177,247,185,1
images/3544f059-c7ca0e8c-VID_20230108_092856_out0010resized3.jpg 239,177,247,185,1
images/357bfabd-229920d2-VID_20230108_092941_out0006resized1.jpg 271,164,290,180,0 70,160,85,171,0 246,180,256,190,1
images/357bfabd-229920d2-VID_20230108_092941_out0006resized2.jpg 271,164,290,180,0 70,160,85,171,0 246,180,256,190,1
images/357bfabd-229920d2-VID_20230108_092941_out0006resized3.jpg 271,164,290,180,0 70,160,85,171,0 246,180,256,190,1
images/364f32d1-ea026299-document_5280547541790762168_out0035resized1.jpg 0,144,29,183,0 2,91,32,127,1 76,203,89,214,0 122,172,130,183,0 191,171,200,180,0 210,193,223,204,0 174,180,183,202,0
images/364f32d1-ea026299-document_5280547541790762168_out0035resized2.jpg 0,144,29,183,0 2,91,32,127,1 76,203,89,214,0 122,172,130,183,0 191,171,200,180,0 210,193,223,204,0 174,180,183,202,0
images/364f32d1-ea026299-document_5280547541790762168_out0035resized3.jpg 0,144,29,183,0 2,91,32,127,1 76,203,89,214,0 122,172,130,183,0 191,171,200,180,0 210,193,223,204,0 174,180,183,202,0
images/37142520-0d606b63-road_signs_test_out0026resized1.jpg 361,177,376,198,0
images/37142520-0d606b63-road_signs_test_out0026resized2.jpg 361,177,376,198,0
images/37142520-0d606b63-road_signs_test_out0026resized3.jpg 361,177,376,198,0
images/371f46d2-cf14e9f1-document_5280547541790762168_out0041resized1.jpg 62,96,104,164,0 191,168,208,186,0 169,139,182,152,0 30,181,44,196,0
images/371f46d2-cf14e9f1-document_5280547541790762168_out0041resized2.jpg 62,96,104,164,0 191,168,208,186,0 169,139,182,152,0 30,181,44,196,0
images/371f46d2-cf14e9f1-document_5280547541790762168_out0041resized3.jpg 62,96,104,164,0 191,168,208,186,0 169,139,182,152,0 30,181,44,196,0
images/37c463ac-8a5bcfce-VID_20230108_092941_out0044resized1.jpg 359,122,399,155,1
images/37c463ac-8a5bcfce-VID_20230108_092941_out0044resized2.jpg 359,122,399,155,1
images/37c463ac-8a5bcfce-VID_20230108_092941_out0044resized3.jpg 359,122,399,155,1
images/38672317-a172cd5e-VID_20230108_092941_out0027resized1.jpg 261,191,271,204,0
images/38672317-a172cd5e-VID_20230108_092941_out0027resized2.jpg 261,191,271,204,0
images/38672317-a172cd5e-VID_20230108_092941_out0027resized3.jpg 261,191,271,204,0
images/38812a72-8d1dca44-document_5280547541790762168_out0049resized1.jpg 138,156,161,180,0 95,102,115,124,0
images/38812a72-8d1dca44-document_5280547541790762168_out0049resized2.jpg 138,156,161,180,0 95,102,115,124,0
images/38812a72-8d1dca44-document_5280547541790762168_out0049resized3.jpg 138,156,161,180,0 95,102,115,124,0
images/38a13139-2428d2d7-VID_20230108_092941_out0001resized1.jpg 240,188,251,198,0 238,176,252,188,1
images/38a13139-2428d2d7-VID_20230108_092941_out0001resized2.jpg 240,188,251,198,0 238,176,252,188,1
images/38a13139-2428d2d7-VID_20230108_092941_out0001resized3.jpg 240,188,251,198,0 238,176,252,188,1
images/391c5fbc-5a429faa-road_signs_test_out0010resized1.jpg 158,170,172,183,0 246,130,260,145,0 349,179,363,192,0 80,160,91,170,0 346,144,365,163,1
images/391c5fbc-5a429faa-road_signs_test_out0010resized2.jpg 158,170,172,183,0 246,130,260,145,0 349,179,363,192,0 80,160,91,170,0 346,144,365,163,1
images/391c5fbc-5a429faa-road_signs_test_out0010resized3.jpg 158,170,172,183,0 246,130,260,145,0 349,179,363,192,0 80,160,91,170,0 346,144,365,163,1
images/3dc3f102-b8d74805-0601be34-a58fcdes-960resized1.jpg 298,152,329,180,0 247,202,262,215,0 224,210,232,219,0 127,110,153,134,1 130,157,153,177,0
images/3dc3f102-b8d74805-0601be34-a58fcdes-960resized2.jpg 298,152,329,180,0 247,202,262,215,0 224,210,232,219,0 127,110,153,134,1 130,157,153,177,0
images/3dc3f102-b8d74805-0601be34-a58fcdes-960resized3.jpg 298,152,329,180,0 247,202,262,215,0 224,210,232,219,0 127,110,153,134,1 130,157,153,177,0
images/3f20bb71-f16b7271-VID_20230108_092941_out0036resized1.jpg 248,152,260,165,1
images/3f20bb71-f16b7271-VID_20230108_092941_out0036resized2.jpg 248,152,260,165,1
images/3f20bb71-f16b7271-VID_20230108_092941_out0036resized3.jpg 248,152,260,165,1
images/3f5dd137-174c0ae1-document_5280547541790762168_out0051resized1.jpg 391,122,415,160,0 125,130,157,152,0
images/3f5dd137-174c0ae1-document_5280547541790762168_out0051resized2.jpg 391,122,415,160,0 125,130,157,152,0
images/3f5dd137-174c0ae1-document_5280547541790762168_out0051resized3.jpg 391,122,415,160,0 125,130,157,152,0
images/417c422d-ef5b4afe-VID_20230108_092941_out0010resized1.jpg 278,149,291,161,1
images/417c422d-ef5b4afe-VID_20230108_092941_out0010resized2.jpg 278,149,291,161,1
images/417c422d-ef5b4afe-VID_20230108_092941_out0010resized3.jpg 278,149,291,161,1
images/4407b7dd-6f54c58b-VID_20230108_092941_out0017resized1.jpg 240,188,251,198,0 238,176,252,188,1
images/4407b7dd-6f54c58b-VID_20230108_092941_out0017resized2.jpg 240,188,251,198,0 238,176,252,188,1
images/4407b7dd-6f54c58b-VID_20230108_092941_out0017resized3.jpg 240,188,251,198,0 238,176,252,188,1
images/4596202f-3aff4176-VID_20230108_092941_out0045resized1.jpg 240,188,251,198,0 238,176,252,188,1
images/4596202f-3aff4176-VID_20230108_092941_out0045resized2.jpg 240,188,251,198,0 238,176,252,188,1
images/4596202f-3aff4176-VID_20230108_092941_out0045resized3.jpg 240,188,251,198,0 238,176,252,188,1
images/45d6ef2d-22eba05d-road_signs_test_out0020resized1.jpg 318,210,328,219,0 260,184,271,195,0
images/45d6ef2d-22eba05d-road_signs_test_out0020resized2.jpg 318,210,328,219,0 260,184,271,195,0
images/45d6ef2d-22eba05d-road_signs_test_out0020resized3.jpg 318,210,328,219,0 260,184,271,195,0
images/477bceab-b10c5949-VID_20230108_092941_out0016resized1.jpg 240,188,251,198,0 238,176,252,188,1
images/477bceab-b10c5949-VID_20230108_092941_out0016resized2.jpg 240,188,251,198,0 238,176,252,188,1
images/477bceab-b10c5949-VID_20230108_092941_out0016resized3.jpg 240,188,251,198,0 238,176,252,188,1
images/47abbd62-32dbc8cb-VID_20230108_092941_out0050resized1.jpg 240,188,251,198,0 238,176,252,188,1
images/47abbd62-32dbc8cb-VID_20230108_092941_out0050resized2.jpg 240,188,251,198,0 238,176,252,188,1
images/47abbd62-32dbc8cb-VID_20230108_092941_out0050resized3.jpg 240,188,251,198,0 238,176,252,188,1
images/4916ccc1-ce21fc63-road_signs_test_out0005resized1.jpg 260,181,276,197,1
images/4916ccc1-ce21fc63-road_signs_test_out0005resized2.jpg 260,181,276,197,1
images/4916ccc1-ce21fc63-road_signs_test_out0005resized3.jpg 260,181,276,197,1
images/4a803bd7-4f197188-VID_20230108_092856_out0006resized1.jpg 240,188,251,198,0 238,176,252,188,1
images/4a803bd7-4f197188-VID_20230108_092856_out0006resized2.jpg 240,188,251,198,0 238,176,252,188,1
images/4a803bd7-4f197188-VID_20230108_092856_out0006resized3.jpg 240,188,251,198,0 238,176,252,188,1
images/4c001784-f964cf10-document_5280547541790762168_out0045resized1.jpg 211,171,229,188,0 182,133,197,146,0 88,146,101,158,0 30,193,38,203,0
images/4c001784-f964cf10-document_5280547541790762168_out0045resized2.jpg 211,171,229,188,0 182,133,197,146,0 88,146,101,158,0 30,193,38,203,0
images/4c001784-f964cf10-document_5280547541790762168_out0045resized3.jpg 211,171,229,188,0 182,133,197,146,0 88,146,101,158,0 30,193,38,203,0
images/4cb821c7-cb80786e-document_5280547541790762168_out0002resized1.jpg 259,174,271,185,1 260,187,270,194,0 144,187,152,196,0
images/4cb821c7-cb80786e-document_5280547541790762168_out0002resized2.jpg 259,174,271,185,1 260,187,270,194,0 144,187,152,196,0
images/4cb821c7-cb80786e-document_5280547541790762168_out0002resized3.jpg 259,174,271,185,1 260,187,270,194,0 144,187,152,196,0
images/512adefd-e84c878b-VID_20230108_092941_out0031resized1.jpg 360,93,395,131,0
images/512adefd-e84c878b-VID_20230108_092941_out0031resized2.jpg 360,93,395,131,0
images/512adefd-e84c878b-VID_20230108_092941_out0031resized3.jpg 360,93,395,131,0
images/55a6670b-7a318e6d-road_signs_test_out0024resized1.jpg 240,188,251,198,0 238,176,252,188,1
images/55a6670b-7a318e6d-road_signs_test_out0024resized2.jpg 240,188,251,198,0 238,176,252,188,1
images/55a6670b-7a318e6d-road_signs_test_out0024resized3.jpg 240,188,251,198,0 238,176,252,188,1
images/570e93ba-205a6142-4e282437-10resized1.jpg 146,124,166,140,0 235,115,253,132,0 314,124,343,150,1 278,199,289,209,2 304,180,320,198,0 89,190,105,204,0
images/570e93ba-205a6142-4e282437-10resized2.jpg 146,124,166,140,0 235,115,253,132,0 314,124,343,150,1 278,199,289,209,2 304,180,320,198,0 89,190,105,204,0
images/570e93ba-205a6142-4e282437-10resized3.jpg 146,124,166,140,0 235,115,253,132,0 314,124,343,150,1 278,199,289,209,2 304,180,320,198,0 89,190,105,204,0
images/5745c680-6392a8b7-document_5280547541790762168_out0025resized1.jpg 179,163,199,181,1 182,188,195,203,0 0,201,10,209,0 249,197,257,205,0
images/5745c680-6392a8b7-document_5280547541790762168_out0025resized2.jpg 179,163,199,181,1 182,188,195,203,0 0,201,10,209,0 249,197,257,205,0
images/5745c680-6392a8b7-document_5280547541790762168_out0025resized3.jpg 179,163,199,181,1 182,188,195,203,0 0,201,10,209,0 249,197,257,205,0
images/57be0638-48ad958a-document_5280547541790762168_out0010resized1.jpg 241,188,251,198,0 239,174,252,185,1
images/57be0638-48ad958a-document_5280547541790762168_out0010resized2.jpg 241,188,251,198,0 239,174,252,185,1
images/57be0638-48ad958a-document_5280547541790762168_out0010resized3.jpg 241,188,251,198,0 239,174,252,185,1
images/57d11141-07fea6b0-VID_20230108_092941_out0018resized1.jpg 240,188,251,198,0 238,176,252,188,1
images/57d11141-07fea6b0-VID_20230108_092941_out0018resized2.jpg 240,188,251,198,0 238,176,252,188,1
images/57d11141-07fea6b0-VID_20230108_092941_out0018resized3.jpg 240,188,251,198,0 238,176,252,188,1
images/59a4a66c-204c16ce-VID_20230108_092941_out0029resized1.jpg 88,180,103,198,0 342,159,365,180,0
images/59a4a66c-204c16ce-VID_20230108_092941_out0029resized2.jpg 88,180,103,198,0 342,159,365,180,0
images/59a4a66c-204c16ce-VID_20230108_092941_out0029resized3.jpg 88,180,103,198,0 342,159,365,180,0
images/5bd1ed7a-e12c470e-VID_20230108_092941_out0024resized1.jpg 240,188,251,198,0 238,176,252,188,1
images/5bd1ed7a-e12c470e-VID_20230108_092941_out0024resized2.jpg 240,188,251,198,0 238,176,252,188,1
images/5bd1ed7a-e12c470e-VID_20230108_092941_out0024resized3.jpg 240,188,251,198,0 238,176,252,188,1
images/5db3e801-a126a1ba-VID_20230108_092856_out0014resized1.jpg 293,138,319,165,1
images/5db3e801-a126a1ba-VID_20230108_092856_out0014resized2.jpg 293,138,319,165,1
images/5db3e801-a126a1ba-VID_20230108_092856_out0014resized3.jpg 293,138,319,165,1
images/5e143fab-705d6325-VID_20230108_092941_out0038resized1.jpg 267,158,277,169,1
images/5e143fab-705d6325-VID_20230108_092941_out0038resized2.jpg 267,158,277,169,1
images/5e143fab-705d6325-VID_20230108_092941_out0038resized3.jpg 267,158,277,169,1
images/5fcbdfbb-b03689ff-document_5280547541790762168_out0003resized1.jpg 260,174,269,183,1 261,186,269,197,0
images/5fcbdfbb-b03689ff-document_5280547541790762168_out0003resized2.jpg 260,174,269,183,1 261,186,269,197,0
images/5fcbdfbb-b03689ff-document_5280547541790762168_out0003resized3.jpg 260,174,269,183,1 261,186,269,197,0
images/60158b38-ebb55cca-VID_20230108_092856_out0026resized1.jpg 324,116,356,150,1 261,159,275,175,1 249,167,258,178,0 122,172,130,180,0
images/60158b38-ebb55cca-VID_20230108_092856_out0026resized2.jpg 324,116,356,150,1 261,159,275,175,1 249,167,258,178,0 122,172,130,180,0
images/60158b38-ebb55cca-VID_20230108_092856_out0026resized3.jpg 324,116,356,150,1 261,159,275,175,1 249,167,258,178,0 122,172,130,180,0
images/62bd1f03-90dcd760-VID_20230108_092856_out0019resized1.jpg 240,188,251,198,0 238,176,252,188,1
images/62bd1f03-90dcd760-VID_20230108_092856_out0019resized2.jpg 240,188,251,198,0 238,176,252,188,1
images/62bd1f03-90dcd760-VID_20230108_092856_out0019resized3.jpg 240,188,251,198,0 238,176,252,188,1
images/64d25db4-3ad63dee-document_5280547541790762168_out0005resized1.jpg 252,177,261,185,1 251,185,262,197,0
images/64d25db4-3ad63dee-document_5280547541790762168_out0005resized2.jpg 252,177,261,185,1 251,185,262,197,0
images/64d25db4-3ad63dee-document_5280547541790762168_out0005resized3.jpg 252,177,261,185,1 251,185,262,197,0
images/65beb8fe-da4c677f-VID_20230108_092941_out0020resized1.jpg 240,188,251,198,0 238,176,252,188,1
images/65beb8fe-da4c677f-VID_20230108_092941_out0020resized2.jpg 240,188,251,198,0 238,176,252,188,1
images/65beb8fe-da4c677f-VID_20230108_092941_out0020resized3.jpg 240,188,251,198,0 238,176,252,188,1
images/66b5fa24-d18304c3-VID_20230108_092941_out0013resized1.jpg 277,163,288,175,1
images/66b5fa24-d18304c3-VID_20230108_092941_out0013resized2.jpg 277,163,288,175,1
images/66b5fa24-d18304c3-VID_20230108_092941_out0013resized3.jpg 277,163,288,175,1
images/66c74194-260da6b1-document_5280547541790762168_out0012resized1.jpg 231,179,244,192,1 233,194,242,203,0 183,154,191,162,0
images/66c74194-260da6b1-document_5280547541790762168_out0012resized2.jpg 231,179,244,192,1 233,194,242,203,0 183,154,191,162,0
images/66c74194-260da6b1-document_5280547541790762168_out0012resized3.jpg 231,179,244,192,1 233,194,242,203,0 183,154,191,162,0
images/675b33fc-9c96e124-document_5280547541790762168_out0037resized1.jpg 149,164,161,196,0 202,189,214,201,0 180,163,190,176,0 60,200,69,211,0
images/675b33fc-9c96e124-document_5280547541790762168_out0037resized2.jpg 149,164,161,196,0 202,189,214,201,0 180,163,190,176,0 60,200,69,211,0
images/675b33fc-9c96e124-document_5280547541790762168_out0037resized3.jpg 149,164,161,196,0 202,189,214,201,0 180,163,190,176,0 60,200,69,211,0
images/68798499-476bb7eb-road_signs_test_out0012resized1.jpg 98,126,124,148,0 61,198,69,209,0
images/68798499-476bb7eb-road_signs_test_out0012resized2.jpg 98,126,124,148,0 61,198,69,209,0
images/68798499-476bb7eb-road_signs_test_out0012resized3.jpg 98,126,124,148,0 61,198,69,209,0
images/6c4b4f86-a6a26040-f88d553d-sign60resized1.jpg 195,200,208,209,3
images/6c4b4f86-a6a26040-f88d553d-sign60resized2.jpg 195,200,208,209,3
images/6c4b4f86-a6a26040-f88d553d-sign60resized3.jpg 195,200,208,209,3
images/6f7f30b1-5c509091-document_5280547541790762168_out0029resized1.jpg 127,180,144,204,0 20,92,39,105,0
images/6f7f30b1-5c509091-document_5280547541790762168_out0029resized2.jpg 127,180,144,204,0 20,92,39,105,0
images/6f7f30b1-5c509091-document_5280547541790762168_out0029resized3.jpg 127,180,144,204,0 20,92,39,105,0
images/6f964ac3-3c0be622-road_signs_test_out0013resized1.jpg 8,189,24,206,0 293,194,303,204,1
images/6f964ac3-3c0be622-road_signs_test_out0013resized2.jpg 8,189,24,206,0 293,194,303,204,1
images/6f964ac3-3c0be622-road_signs_test_out0013resized3.jpg 8,189,24,206,0 293,194,303,204,1
images/72868baf-eca289c8-VID_20230108_092856_out0009resized1.jpg 240,188,251,198,0 238,176,252,188,1
images/72868baf-eca289c8-VID_20230108_092856_out0009resized2.jpg 240,188,251,198,0 238,176,252,188,1
images/72868baf-eca289c8-VID_20230108_092856_out0009resized3.jpg 240,188,251,198,0 238,176,252,188,1
images/732fb93a-bef6de24-road_signs_test_out0015resized1.jpg 321,185,335,198,1
images/732fb93a-bef6de24-road_signs_test_out0015resized2.jpg 321,185,335,198,1
images/732fb93a-bef6de24-road_signs_test_out0015resized3.jpg 321,185,335,198,1
images/74524f5a-189e8daf-document_5280547541790762168_out0014resized1.jpg 162,179,175,192,1 109,150,119,161,0 160,192,176,208,0 8,199,19,210,0
images/74524f5a-189e8daf-document_5280547541790762168_out0014resized2.jpg 162,179,175,192,1 109,150,119,161,0 160,192,176,208,0 8,199,19,210,0
images/74524f5a-189e8daf-document_5280547541790762168_out0014resized3.jpg 162,179,175,192,1 109,150,119,161,0 160,192,176,208,0 8,199,19,210,0
images/74714d99-b7375454-road_signs_test_out0003resized1.jpg 240,188,251,198,0 238,176,252,188,1
images/74714d99-b7375454-road_signs_test_out0003resized2.jpg 240,188,251,198,0 238,176,252,188,1
images/74714d99-b7375454-road_signs_test_out0003resized3.jpg 240,188,251,198,0 238,176,252,188,1
images/749139ee-2fcd351e-ca1d4609-7resized1.jpg 183,85,232,129,0 14,172,33,191,0 42,166,61,190,0
images/749139ee-2fcd351e-ca1d4609-7resized2.jpg 183,85,232,129,0 14,172,33,191,0 42,166,61,190,0
images/749139ee-2fcd351e-ca1d4609-7resized3.jpg 183,85,232,129,0 14,172,33,191,0 42,166,61,190,0
images/74f817c3-230ed06d-document_5280547541790762168_out0023resized1.jpg 180,180,199,196,0 180,158,199,179,1 104,116,121,135,0 9,194,20,205,0
images/74f817c3-230ed06d-document_5280547541790762168_out0023resized2.jpg 180,180,199,196,0 180,158,199,179,1 104,116,121,135,0 9,194,20,205,0
images/74f817c3-230ed06d-document_5280547541790762168_out0023resized3.jpg 180,180,199,196,0 180,158,199,179,1 104,116,121,135,0 9,194,20,205,0
images/7519fd19-b8f0ec55-document_5280547541790762168_out0046resized1.jpg 210,180,232,199,0 177,138,195,157,0 82,153,95,168,0 16,202,33,220,0
images/7519fd19-b8f0ec55-document_5280547541790762168_out0046resized2.jpg 210,180,232,199,0 177,138,195,157,0 82,153,95,168,0 16,202,33,220,0
images/7519fd19-b8f0ec55-document_5280547541790762168_out0046resized3.jpg 210,180,232,199,0 177,138,195,157,0 82,153,95,168,0 16,202,33,220,0
images/751f930f-6acb8f8e-VID_20230108_092856_out0007resized1.jpg 240,188,251,198,0 238,176,252,188,1
images/751f930f-6acb8f8e-VID_20230108_092856_out0007resized2.jpg 240,188,251,198,0 238,176,252,188,1
images/751f930f-6acb8f8e-VID_20230108_092856_out0007resized3.jpg 240,188,251,198,0 238,176,252,188,1
images/75650e1b-57abcf91-VID_20230108_092941_out0048resized1.jpg 240,188,251,198,0 238,176,252,188,1
images/75650e1b-57abcf91-VID_20230108_092941_out0048resized2.jpg 240,188,251,198,0 238,176,252,188,1
images/75650e1b-57abcf91-VID_20230108_092941_out0048resized3.jpg 240,188,251,198,0 238,176,252,188,1
images/75bac147-b697dae2-VID_20230108_092856_out0030resized1.jpg 240,188,251,198,0 238,176,252,188,1
images/75bac147-b697dae2-VID_20230108_092856_out0030resized2.jpg 240,188,251,198,0 238,176,252,188,1
images/75bac147-b697dae2-VID_20230108_092856_out0030resized3.jpg 240,188,251,198,0 238,176,252,188,1
images/7641e265-6c87e0a8-VID_20230108_092941_out0022resized1.jpg 305,166,320,178,1
images/7641e265-6c87e0a8-VID_20230108_092941_out0022resized2.jpg 305,166,320,178,1
images/7641e265-6c87e0a8-VID_20230108_092941_out0022resized3.jpg 305,166,320,178,1
images/76b76c7f-60b08a80-VID_20230108_092941_out0011resized1.jpg 304,130,320,150,1 258,168,266,177,1
images/76b76c7f-60b08a80-VID_20230108_092941_out0011resized2.jpg 304,130,320,150,1 258,168,266,177,1
images/76b76c7f-60b08a80-VID_20230108_092941_out0011resized3.jpg 304,130,320,150,1 258,168,266,177,1
images/799cd8bd-18b301a5-road_signs_test_out0014resized1.jpg 305,184,317,197,1
images/799cd8bd-18b301a5-road_signs_test_out0014resized2.jpg 305,184,317,197,1
images/799cd8bd-18b301a5-road_signs_test_out0014resized3.jpg 305,184,317,197,1
images/7a0cc9d3-a94ec1cb-document_5280547541790762168_out0044resized1.jpg 206,169,229,187,0 182,135,196,151,0 33,188,45,201,0
images/7a0cc9d3-a94ec1cb-document_5280547541790762168_out0044resized2.jpg 206,169,229,187,0 182,135,196,151,0 33,188,45,201,0
images/7a0cc9d3-a94ec1cb-document_5280547541790762168_out0044resized3.jpg 206,169,229,187,0 182,135,196,151,0 33,188,45,201,0
images/7bcfe9a1-220480c8-VID_20230108_092941_out0058resized1.jpg 94,135,106,148,0 276,130,295,149,0
images/7bcfe9a1-220480c8-VID_20230108_092941_out0058resized2.jpg 94,135,106,148,0 276,130,295,149,0
images/7bcfe9a1-220480c8-VID_20230108_092941_out0058resized3.jpg 94,135,106,148,0 276,130,295,149,0
images/7d054122-f1b26e14-VID_20230108_092941_out0053resized1.jpg 240,188,251,198,0 238,176,252,188,1
images/7d054122-f1b26e14-VID_20230108_092941_out0053resized2.jpg 240,188,251,198,0 238,176,252,188,1
images/7d054122-f1b26e14-VID_20230108_092941_out0053resized3.jpg 240,188,251,198,0 238,176,252,188,1
images/805782f2-a5e8cd4d-VID_20230108_092941_out0023resized1.jpg 332,151,355,168,1
images/805782f2-a5e8cd4d-VID_20230108_092941_out0023resized2.jpg 332,151,355,168,1
images/805782f2-a5e8cd4d-VID_20230108_092941_out0023resized3.jpg 332,151,355,168,1
images/815f73dd-830f1c8a-road_signs_test_out0030resized1.jpg 240,188,251,198,0 238,176,252,188,1
images/815f73dd-830f1c8a-road_signs_test_out0030resized2.jpg 240,188,251,198,0 238,176,252,188,1
images/815f73dd-830f1c8a-road_signs_test_out0030resized3.jpg 240,188,251,198,0 238,176,252,188,1
images/81f8feb0-c0e48f0b-495d5c63-8resized1.jpg 333,140,382,195,0 131,194,142,212,0
images/81f8feb0-c0e48f0b-495d5c63-8resized2.jpg 333,140,382,195,0 131,194,142,212,0
images/81f8feb0-c0e48f0b-495d5c63-8resized3.jpg 333,140,382,195,0 131,194,142,212,0
images/83ca7214-d13d9f2b-document_5280547541790762168_out0017resized1.jpg 171,177,184,190,1 171,193,184,206,0 112,144,122,154,0 11,199,22,210,0
images/83ca7214-d13d9f2b-document_5280547541790762168_out0017resized2.jpg 171,177,184,190,1 171,193,184,206,0 112,144,122,154,0 11,199,22,210,0
images/83ca7214-d13d9f2b-document_5280547541790762168_out0017resized3.jpg 171,177,184,190,1 171,193,184,206,0 112,144,122,154,0 11,199,22,210,0
images/84b8790f-017e2857-fab36672-3resized1.jpg 292,62,364,124,0
images/84b8790f-017e2857-fab36672-3resized2.jpg 292,62,364,124,0
images/84b8790f-017e2857-fab36672-3resized3.jpg 292,62,364,124,0
images/84d47365-faa05dfc-document_5280547541790762168_out0015resized1.jpg 159,187,172,199,0 159,173,172,185,1 102,141,114,153,0
images/84d47365-faa05dfc-document_5280547541790762168_out0015resized2.jpg 159,187,172,199,0 159,173,172,185,1 102,141,114,153,0
images/84d47365-faa05dfc-document_5280547541790762168_out0015resized3.jpg 159,187,172,199,0 159,173,172,185,1 102,141,114,153,0
images/86826355-72478baf-document_5280547541790762168_out0034resized1.jpg 33,148,67,186,0 35,104,74,142,1 19,206,31,215,0 84,204,94,213,0 214,196,227,205,0 196,171,207,182,0
images/86826355-72478baf-document_5280547541790762168_out0034resized2.jpg 33,148,67,186,0 35,104,74,142,1 19,206,31,215,0 84,204,94,213,0 214,196,227,205,0 196,171,207,182,0
images/86826355-72478baf-document_5280547541790762168_out0034resized3.jpg 33,148,67,186,0 35,104,74,142,1 19,206,31,215,0 84,204,94,213,0 214,196,227,205,0 196,171,207,182,0
images/87308f94-90cb59da-VID_20230108_092856_out0020resized1.jpg 240,188,251,198,0 238,176,252,188,1
images/87308f94-90cb59da-VID_20230108_092856_out0020resized2.jpg 240,188,251,198,0 238,176,252,188,1
images/87308f94-90cb59da-VID_20230108_092856_out0020resized3.jpg 240,188,251,198,0 238,176,252,188,1
images/88e16db0-9480a4c9-VID_20230108_092941_out0043resized1.jpg 311,166,338,193,1
images/88e16db0-9480a4c9-VID_20230108_092941_out0043resized2.jpg 311,166,338,193,1
images/88e16db0-9480a4c9-VID_20230108_092941_out0043resized3.jpg 311,166,338,193,1
images/896d99d3-8d082666-document_5280547541790762168_out0050resized1.jpg 130,144,160,172,0 83,92,102,110,0
images/896d99d3-8d082666-document_5280547541790762168_out0050resized2.jpg 130,144,160,172,0 83,92,102,110,0
images/896d99d3-8d082666-document_5280547541790762168_out0050resized3.jpg 130,144,160,172,0 83,92,102,110,0
images/89f77c27-6b8cf514-VID_20230108_092941_out0041resized1.jpg 291,158,308,174,1
images/89f77c27-6b8cf514-VID_20230108_092941_out0041resized2.jpg 291,158,308,174,1
images/89f77c27-6b8cf514-VID_20230108_092941_out0041resized3.jpg 291,158,308,174,1
images/8c70f53e-f0c56b9d-VID_20230108_092941_out0049resized1.jpg 240,188,251,198,0 238,176,252,188,1
images/8c70f53e-f0c56b9d-VID_20230108_092941_out0049resized2.jpg 240,188,251,198,0 238,176,252,188,1
images/8c70f53e-f0c56b9d-VID_20230108_092941_out0049resized3.jpg 240,188,251,198,0 238,176,252,188,1
images/8cebc083-d3e89f95-document_5280547541790762168_out0008resized1.jpg 232,191,241,198,0 232,179,243,189,1 106,197,116,205,0
images/8cebc083-d3e89f95-document_5280547541790762168_out0008resized2.jpg 232,191,241,198,0 232,179,243,189,1 106,197,116,205,0
images/8cebc083-d3e89f95-document_5280547541790762168_out0008resized3.jpg 232,191,241,198,0 232,179,243,189,1 106,197,116,205,0
images/8d7cbebf-3414151d-VID_20230108_092941_out0008resized1.jpg 279,158,301,180,1
images/8d7cbebf-3414151d-VID_20230108_092941_out0008resized2.jpg 279,158,301,180,1
images/8d7cbebf-3414151d-VID_20230108_092941_out0008resized3.jpg 279,158,301,180,1
images/8da8f03d-11e5bffc-7388a3ba-4resized1.jpg 5,124,61,161,0 235,70,251,84,0 298,129,309,139,0
images/8da8f03d-11e5bffc-7388a3ba-4resized2.jpg 5,124,61,161,0 235,70,251,84,0 298,129,309,139,0
images/8da8f03d-11e5bffc-7388a3ba-4resized3.jpg 5,124,61,161,0 235,70,251,84,0 298,129,309,139,0
images/8db5b602-26256cec-VID_20230108_092856_out0003resized1.jpg 344,107,382,145,1 269,152,288,168,0 80,152,91,164,0
images/8db5b602-26256cec-VID_20230108_092856_out0003resized2.jpg 344,107,382,145,1 269,152,288,168,0 80,152,91,164,0
images/8db5b602-26256cec-VID_20230108_092856_out0003resized3.jpg 344,107,382,145,1 269,152,288,168,0 80,152,91,164,0
images/8e1436b0-07544993-VID_20230108_092856_out0001resized1.jpg 252,136,261,147,0 104,133,114,142,0 285,116,303,136,1
images/8e1436b0-07544993-VID_20230108_092856_out0001resized2.jpg 252,136,261,147,0 104,133,114,142,0 285,116,303,136,1
images/8e1436b0-07544993-VID_20230108_092856_out0001resized3.jpg 252,136,261,147,0 104,133,114,142,0 285,116,303,136,1
images/8f6489aa-3232e9d7-road_signs_test_out0009resized1.jpg 113,174,121,182,0 177,185,188,196,0 242,157,251,167,0 316,190,329,203,0 314,167,329,181,1
images/8f6489aa-3232e9d7-road_signs_test_out0009resized2.jpg 113,174,121,182,0 177,185,188,196,0 242,157,251,167,0 316,190,329,203,0 314,167,329,181,1
images/8f6489aa-3232e9d7-road_signs_test_out0009resized3.jpg 113,174,121,182,0 177,185,188,196,0 242,157,251,167,0 316,190,329,203,0 314,167,329,181,1
images/9009df63-f24eb2d4-VID_20230108_092941_out0035resized1.jpg 242,158,253,167,1
images/9009df63-f24eb2d4-VID_20230108_092941_out0035resized2.jpg 242,158,253,167,1
images/9009df63-f24eb2d4-VID_20230108_092941_out0035resized3.jpg 242,158,253,167,1
images/9064e719-e29f8e15-VID_20230108_092941_out0004resized1.jpg 249,178,255,186,0 130,174,139,183,0
images/9064e719-e29f8e15-VID_20230108_092941_out0004resized2.jpg 249,178,255,186,0 130,174,139,183,0
images/9064e719-e29f8e15-VID_20230108_092941_out0004resized3.jpg 249,178,255,186,0 130,174,139,183,0
images/9110b6a2-c14bb88d-road_signs_test_out0001resized1.jpg 240,188,251,198,0 238,176,252,188,1
images/9110b6a2-c14bb88d-road_signs_test_out0001resized2.jpg 240,188,251,198,0 238,176,252,188,1
images/9110b6a2-c14bb88d-road_signs_test_out0001resized3.jpg 240,188,251,198,0 238,176,252,188,1
images/948433f3-b341350d-96c4cbce-196956resized1.jpg 328,149,361,183,1 179,169,194,183,1 144,171,155,183,1 126,178,135,186,1
images/948433f3-b341350d-96c4cbce-196956resized2.jpg 328,149,361,183,1 179,169,194,183,1 144,171,155,183,1 126,178,135,186,1
images/948433f3-b341350d-96c4cbce-196956resized3.jpg 328,149,361,183,1 179,169,194,183,1 144,171,155,183,1 126,178,135,186,1
images/953fb3c8-53be2a20-VID_20230108_092856_out0024resized1.jpg 257,163,269,176,1 243,177,251,182,1
images/953fb3c8-53be2a20-VID_20230108_092856_out0024resized2.jpg 257,163,269,176,1 243,177,251,182,1
images/953fb3c8-53be2a20-VID_20230108_092856_out0024resized3.jpg 257,163,269,176,1 243,177,251,182,1
images/9a685ae9-05fbb88f-dcde9adb-9resized1.jpg 118,88,168,125,0 177,260,236,314,0
images/9a685ae9-05fbb88f-dcde9adb-9resized2.jpg 118,88,168,125,0 177,260,236,314,0
images/9a685ae9-05fbb88f-dcde9adb-9resized3.jpg 118,88,168,125,0 177,260,236,314,0
images/9a7bc5ef-0120c714-road_signs_test_out0019resized1.jpg 372,174,391,190,1 320,219,330,228,0
images/9a7bc5ef-0120c714-road_signs_test_out0019resized2.jpg 372,174,391,190,1 320,219,330,228,0
images/9a7bc5ef-0120c714-road_signs_test_out0019resized3.jpg 372,174,391,190,1 320,219,330,228,0
images/9cfd985a-6b4a08f2-91d8c7e5-8resized1.jpg 246,160,309,218,2
images/9cfd985a-6b4a08f2-91d8c7e5-8resized2.jpg 246,160,309,218,2
images/9cfd985a-6b4a08f2-91d8c7e5-8resized3.jpg 246,160,309,218,2
images/9e5bc562-3fea634c-VID_20230108_092856_out0005resized1.jpg 240,188,251,198,0 238,176,252,188,1
images/9e5bc562-3fea634c-VID_20230108_092856_out0005resized2.jpg 240,188,251,198,0 238,176,252,188,1
images/9e5bc562-3fea634c-VID_20230108_092856_out0005resized3.jpg 240,188,251,198,0 238,176,252,188,1
images/9f9ed7c9-40eb32a1-e93ce6a6-6resized1.jpg 293,76,392,175,2
images/9f9ed7c9-40eb32a1-e93ce6a6-6resized2.jpg 293,76,392,175,2
images/9f9ed7c9-40eb32a1-e93ce6a6-6resized3.jpg 293,76,392,175,2
images/9fb9d786-82e31f02-road_signs_test_out0006resized1.jpg 240,188,251,198,0 238,176,252,188,1
images/9fb9d786-82e31f02-road_signs_test_out0006resized2.jpg 240,188,251,198,0 238,176,252,188,1
images/9fb9d786-82e31f02-road_signs_test_out0006resized3.jpg 240,188,251,198,0 238,176,252,188,1
images/a061ffdc-d704d140-document_5280547541790762168_out0048resized1.jpg 170,160,194,184,0 132,117,151,134,0 27,141,40,154,0
images/a061ffdc-d704d140-document_5280547541790762168_out0048resized2.jpg 170,160,194,184,0 132,117,151,134,0 27,141,40,154,0
images/a061ffdc-d704d140-document_5280547541790762168_out0048resized3.jpg 170,160,194,184,0 132,117,151,134,0 27,141,40,154,0
images/a0e0a1eb-434f474c-VID_20230108_092856_out0029resized1.jpg 338,108,369,135,0
images/a0e0a1eb-434f474c-VID_20230108_092856_out0029resized2.jpg 338,108,369,135,0
images/a0e0a1eb-434f474c-VID_20230108_092856_out0029resized3.jpg 338,108,369,135,0
images/a131ae9e-4609f285-VID_20230108_092856_out0028resized1.jpg 360,90,401,131,1 59,154,74,169,0 281,140,300,159,0
images/a131ae9e-4609f285-VID_20230108_092856_out0028resized2.jpg 360,90,401,131,1 59,154,74,169,0 281,140,300,159,0
images/a131ae9e-4609f285-VID_20230108_092856_out0028resized3.jpg 360,90,401,131,1 59,154,74,169,0 281,140,300,159,0
images/a28342b2-898ebe6f-VID_20230108_092941_out0003resized1.jpg 240,188,251,198,0 238,176,252,188,1
images/a28342b2-898ebe6f-VID_20230108_092941_out0003resized2.jpg 240,188,251,198,0 238,176,252,188,1
images/a28342b2-898ebe6f-VID_20230108_092941_out0003resized3.jpg 240,188,251,198,0 238,176,252,188,1
images/a71b35e0-37b5fa74-VID_20230108_092941_out0039resized1.jpg 240,188,251,198,0 238,176,252,188,1
images/a71b35e0-37b5fa74-VID_20230108_092941_out0039resized2.jpg 240,188,251,198,0 238,176,252,188,1
images/a71b35e0-37b5fa74-VID_20230108_092941_out0039resized3.jpg 240,188,251,198,0 238,176,252,188,1
images/aaead042-88cc9555-road_signs_test_out0011resized1.jpg 129,138,149,159,0 149,163,161,176,0 30,133,44,144,0
images/aaead042-88cc9555-road_signs_test_out0011resized2.jpg 129,138,149,159,0 149,163,161,176,0 30,133,44,144,0
images/aaead042-88cc9555-road_signs_test_out0011resized3.jpg 129,138,149,159,0 149,163,161,176,0 30,133,44,144,0
images/acc72409-564b57aa-VID_20230108_092856_out0025resized1.jpg 277,144,299,163,1 250,165,261,173,1 244,168,249,176,0 138,171,147,179,0
images/acc72409-564b57aa-VID_20230108_092856_out0025resized2.jpg 277,144,299,163,1 250,165,261,173,1 244,168,249,176,0 138,171,147,179,0
images/acc72409-564b57aa-VID_20230108_092856_out0025resized3.jpg 277,144,299,163,1 250,165,261,173,1 244,168,249,176,0 138,171,147,179,0
images/adc1f901-3c7b3758-document_5280547541790762168_out0030resized1.jpg 108,156,131,176,1 107,183,131,211,0
images/adc1f901-3c7b3758-document_5280547541790762168_out0030resized2.jpg 108,156,131,176,1 107,183,131,211,0
images/adc1f901-3c7b3758-document_5280547541790762168_out0030resized3.jpg 108,156,131,176,1 107,183,131,211,0
images/ae36f2af-a6fb8c7f-document_5280547541790762168_out0027resized1.jpg 157,193,179,212,0 62,114,81,133,0 158,166,178,190,1 239,205,250,214,0
images/ae36f2af-a6fb8c7f-document_5280547541790762168_out0027resized2.jpg 157,193,179,212,0 62,114,81,133,0 158,166,178,190,1 239,205,250,214,0
images/ae36f2af-a6fb8c7f-document_5280547541790762168_out0027resized3.jpg 157,193,179,212,0 62,114,81,133,0 158,166,178,190,1 239,205,250,214,0
images/b0e13e51-76f4d2fb-road_signs_test_out0002resized1.jpg 240,188,251,198,0 238,176,252,188,1
images/b0e13e51-76f4d2fb-road_signs_test_out0002resized2.jpg 240,188,251,198,0 238,176,252,188,1
images/b0e13e51-76f4d2fb-road_signs_test_out0002resized3.jpg 240,188,251,198,0 238,176,252,188,1
images/b29852ce-86033180-road_signs_test_out0027resized1.jpg 240,188,251,198,0 238,176,252,188,1
images/b29852ce-86033180-road_signs_test_out0027resized2.jpg 240,188,251,198,0 238,176,252,188,1
images/b29852ce-86033180-road_signs_test_out0027resized3.jpg 240,188,251,198,0 238,176,252,188,1
images/b3182c3a-07d0cc82-document_5280547541790762168_out0020resized1.jpg 204,185,217,198,0 138,130,154,144,0 43,192,58,205,0
images/b3182c3a-07d0cc82-document_5280547541790762168_out0020resized2.jpg 204,185,217,198,0 138,130,154,144,0 43,192,58,205,0
images/b3182c3a-07d0cc82-document_5280547541790762168_out0020resized3.jpg 204,185,217,198,0 138,130,154,144,0 43,192,58,205,0
images/b3d72cee-59c03fa6-document_5280547541790762168_out0042resized1.jpg 26,91,70,146,0 196,173,211,189,0 170,139,181,152,0
images/b3d72cee-59c03fa6-document_5280547541790762168_out0042resized2.jpg 26,91,70,146,0 196,173,211,189,0 170,139,181,152,0
images/b3d72cee-59c03fa6-document_5280547541790762168_out0042resized3.jpg 26,91,70,146,0 196,173,211,189,0 170,139,181,152,0
images/b41ebba1-178e947f-document_5280547541790762168_out0024resized1.jpg 179,158,198,176,1 181,179,198,197,0 3,194,17,207,0 247,190,256,199,0
images/b41ebba1-178e947f-document_5280547541790762168_out0024resized2.jpg 179,158,198,176,1 181,179,198,197,0 3,194,17,207,0 247,190,256,199,0
images/b41ebba1-178e947f-document_5280547541790762168_out0024resized3.jpg 179,158,198,176,1 181,179,198,197,0 3,194,17,207,0 247,190,256,199,0
images/b6f6ff47-2d62591f-VID_20230108_092941_out0046resized1.jpg 240,188,251,198,0 238,176,252,188,1
images/b6f6ff47-2d62591f-VID_20230108_092941_out0046resized2.jpg 240,188,251,198,0 238,176,252,188,1
images/b6f6ff47-2d62591f-VID_20230108_092941_out0046resized3.jpg 240,188,251,198,0 238,176,252,188,1
images/b738135c-fbf31080-VID_20230108_092856_out0011resized1.jpg 248,177,258,186,1
images/b738135c-fbf31080-VID_20230108_092856_out0011resized2.jpg 248,177,258,186,1
images/b738135c-fbf31080-VID_20230108_092856_out0011resized3.jpg 248,177,258,186,1
images/bb9ec588-b717b816-VID_20230108_092856_out0023resized1.jpg 244,171,252,180,1
images/bb9ec588-b717b816-VID_20230108_092856_out0023resized2.jpg 244,171,252,180,1
images/bb9ec588-b717b816-VID_20230108_092856_out0023resized3.jpg 244,171,252,180,1
images/bc85fbec-f1404ec1-VID_20230108_092941_out0059resized1.jpg 70,128,86,147,0 291,128,310,144,0
images/bc85fbec-f1404ec1-VID_20230108_092941_out0059resized2.jpg 70,128,86,147,0 291,128,310,144,0
images/bc85fbec-f1404ec1-VID_20230108_092941_out0059resized3.jpg 70,128,86,147,0 291,128,310,144,0
images/bf7a5697-78a69594-document_5280547541790762168_out0028resized1.jpg 145,188,165,209,0 47,105,65,123,0
images/bf7a5697-78a69594-document_5280547541790762168_out0028resized2.jpg 145,188,165,209,0 47,105,65,123,0
images/bf7a5697-78a69594-document_5280547541790762168_out0028resized3.jpg 145,188,165,209,0 47,105,65,123,0
images/c1fad66d-b60b555c-document_5280547541790762168_out0011resized1.jpg 236,194,247,202,0 238,180,248,191,1
images/c1fad66d-b60b555c-document_5280547541790762168_out0011resized2.jpg 236,194,247,202,0 238,180,248,191,1
images/c1fad66d-b60b555c-document_5280547541790762168_out0011resized3.jpg 236,194,247,202,0 238,180,248,191,1
images/c29201b9-56ded77f-road_signs_test_out0007resized1.jpg 285,189,293,198,1
images/c29201b9-56ded77f-road_signs_test_out0007resized2.jpg 285,189,293,198,1
images/c29201b9-56ded77f-road_signs_test_out0007resized3.jpg 285,189,293,198,1
images/c5635985-005d087b-document_5280547541790762168_out0007resized1.jpg 240,188,251,198,0 238,176,252,188,1
images/c5635985-005d087b-document_5280547541790762168_out0007resized2.jpg 240,188,251,198,0 238,176,252,188,1
images/c5635985-005d087b-document_5280547541790762168_out0007resized3.jpg 240,188,251,198,0 238,176,252,188,1
images/c5f7666e-609db42d-VID_20230108_092941_out0032resized1.jpg 240,188,251,198,0 238,176,252,188,1
images/c5f7666e-609db42d-VID_20230108_092941_out0032resized2.jpg 240,188,251,198,0 238,176,252,188,1
images/c5f7666e-609db42d-VID_20230108_092941_out0032resized3.jpg 240,188,251,198,0 238,176,252,188,1
images/c7180269-977a9e62-VID_20230108_092856_out0013resized1.jpg 266,160,280,174,1
images/c7180269-977a9e62-VID_20230108_092856_out0013resized2.jpg 266,160,280,174,1
images/c7180269-977a9e62-VID_20230108_092856_out0013resized3.jpg 266,160,280,174,1
images/c8d73464-bed22824-road_signs_test_out0016resized1.jpg 59,203,68,212,0 341,182,354,195,1
images/c8d73464-bed22824-road_signs_test_out0016resized2.jpg 59,203,68,212,0 341,182,354,195,1
images/c8d73464-bed22824-road_signs_test_out0016resized3.jpg 59,203,68,212,0 341,182,354,195,1
images/c9638e6f-ebb119a8-6c89256a-1245800resized1.jpg 242,125,302,189,1 138,221,148,227,1
images/c9638e6f-ebb119a8-6c89256a-1245800resized2.jpg 242,125,302,189,1 138,221,148,227,1
images/c9638e6f-ebb119a8-6c89256a-1245800resized3.jpg 242,125,302,189,1 138,221,148,227,1
images/c987b732-688ca9bc-document_5280547541790762168_out0016resized1.jpg 174,191,187,202,0 115,143,128,154,0 174,174,187,186,1
images/c987b732-688ca9bc-document_5280547541790762168_out0016resized2.jpg 174,191,187,202,0 115,143,128,154,0 174,174,187,186,1
images/c987b732-688ca9bc-document_5280547541790762168_out0016resized3.jpg 174,191,187,202,0 115,143,128,154,0 174,174,187,186,1
images/cccdbddf-0ca562ad-document_5280547541790762168_out0031resized1.jpg 89,171,119,200,0 88,135,119,165,1 213,198,224,207,0
images/cccdbddf-0ca562ad-document_5280547541790762168_out0031resized2.jpg 89,171,119,200,0 88,135,119,165,1 213,198,224,207,0
images/cccdbddf-0ca562ad-document_5280547541790762168_out0031resized3.jpg 89,171,119,200,0 88,135,119,165,1 213,198,224,207,0
images/cf3eabc0-c9ae70ed-document_5280547541790762168_out0047resized1.jpg 194,180,218,198,0 160,136,180,153,0 61,155,74,166,0
images/cf3eabc0-c9ae70ed-document_5280547541790762168_out0047resized2.jpg 194,180,218,198,0 160,136,180,153,0 61,155,74,166,0
images/cf3eabc0-c9ae70ed-document_5280547541790762168_out0047resized3.jpg 194,180,218,198,0 160,136,180,153,0 61,155,74,166,0
images/d06ad855-586f495e-VID_20230108_092856_out0002resized1.jpg 285,114,306,136,1 251,133,263,146,0 104,133,112,143,0
images/d06ad855-586f495e-VID_20230108_092856_out0002resized2.jpg 285,114,306,136,1 251,133,263,146,0 104,133,112,143,0
images/d06ad855-586f495e-VID_20230108_092856_out0002resized3.jpg 285,114,306,136,1 251,133,263,146,0 104,133,112,143,0
images/d3c96124-695a185e-document_5280547541790762168_out0019resized1.jpg 173,169,189,182,1 174,184,186,195,0 108,130,122,141,0 10,191,19,203,0
images/d3c96124-695a185e-document_5280547541790762168_out0019resized2.jpg 173,169,189,182,1 174,184,186,195,0 108,130,122,141,0 10,191,19,203,0
images/d3c96124-695a185e-document_5280547541790762168_out0019resized3.jpg 173,169,189,182,1 174,184,186,195,0 108,130,122,141,0 10,191,19,203,0
images/d410c6dc-8042c9d5-document_5280547541790762168_out0022resized1.jpg 190,184,206,197,0 117,126,133,138,0 21,196,34,206,0 194,168,203,179,1
images/d410c6dc-8042c9d5-document_5280547541790762168_out0022resized2.jpg 190,184,206,197,0 117,126,133,138,0 21,196,34,206,0 194,168,203,179,1
images/d410c6dc-8042c9d5-document_5280547541790762168_out0022resized3.jpg 190,184,206,197,0 117,126,133,138,0 21,196,34,206,0 194,168,203,179,1
images/d687e127-6d3f0c7d-document_5280547541790762168_out0053resized1.jpg 97,93,138,135,1
images/d687e127-6d3f0c7d-document_5280547541790762168_out0053resized2.jpg 97,93,138,135,1
images/d687e127-6d3f0c7d-document_5280547541790762168_out0053resized3.jpg 97,93,138,135,1
images/d757edd1-860d2760-47a60235-scale_1200resized1.jpg 300,182,329,209,3
images/d757edd1-860d2760-47a60235-scale_1200resized2.jpg 300,182,329,209,3
images/d757edd1-860d2760-47a60235-scale_1200resized3.jpg 300,182,329,209,3
images/d7737b55-6488db25-VID_20230108_092941_out0025resized1.jpg 240,188,251,198,0 238,176,252,188,1
images/d7737b55-6488db25-VID_20230108_092941_out0025resized2.jpg 240,188,251,198,0 238,176,252,188,1
images/d7737b55-6488db25-VID_20230108_092941_out0025resized3.jpg 240,188,251,198,0 238,176,252,188,1
images/d801b4ab-54c88ee9-VID_20230108_092941_out0014resized1.jpg 294,146,310,162,1
images/d801b4ab-54c88ee9-VID_20230108_092941_out0014resized2.jpg 294,146,310,162,1
images/d801b4ab-54c88ee9-VID_20230108_092941_out0014resized3.jpg 294,146,310,162,1
images/d8031cd7-b2ddbf5d-VID_20230108_092941_out0009resized1.jpg 332,130,362,166,1 262,171,273,180,1
images/d8031cd7-b2ddbf5d-VID_20230108_092941_out0009resized2.jpg 332,130,362,166,1 262,171,273,180,1
images/d8031cd7-b2ddbf5d-VID_20230108_092941_out0009resized3.jpg 332,130,362,166,1 262,171,273,180,1
images/dae94e54-1330e337-VID_20230108_092941_out0030resized1.jpg 340,131,368,158,0 7,161,24,181,0
images/dae94e54-1330e337-VID_20230108_092941_out0030resized2.jpg 340,131,368,158,0 7,161,24,181,0
images/dae94e54-1330e337-VID_20230108_092941_out0030resized3.jpg 340,131,368,158,0 7,161,24,181,0
images/e07ed448-68dcf62c-VID_20230108_092941_out0028resized1.jpg 388,148,410,168,2 185,191,196,203,0
images/e07ed448-68dcf62c-VID_20230108_092941_out0028resized2.jpg 388,148,410,168,2 185,191,196,203,0
images/e07ed448-68dcf62c-VID_20230108_092941_out0028resized3.jpg 388,148,410,168,2 185,191,196,203,0
images/e0db4dba-35652c29-VID_20230108_092941_out0005resized1.jpg 255,170,266,185,0 106,166,119,179,0
images/e0db4dba-35652c29-VID_20230108_092941_out0005resized2.jpg 255,170,266,185,0 106,166,119,179,0
images/e0db4dba-35652c29-VID_20230108_092941_out0005resized3.jpg 255,170,266,185,0 106,166,119,179,0
images/e2aa7ea7-aaa7dd4c-road_signs_test_out0017resized1.jpg 359,180,375,196,1
images/e2aa7ea7-aaa7dd4c-road_signs_test_out0017resized2.jpg 359,180,375,196,1
images/e2aa7ea7-aaa7dd4c-road_signs_test_out0017resized3.jpg 359,180,375,196,1
images/e5e75f5c-395ae83f-road_signs_test_out0022resized1.jpg 358,182,372,196,0 273,146,289,160,0 95,160,108,173,0 74,194,85,208,0
images/e5e75f5c-395ae83f-road_signs_test_out0022resized2.jpg 358,182,372,196,0 273,146,289,160,0 95,160,108,173,0 74,194,85,208,0
images/e5e75f5c-395ae83f-road_signs_test_out0022resized3.jpg 358,182,372,196,0 273,146,289,160,0 95,160,108,173,0 74,194,85,208,0
images/e663a42f-0f38abb1-VID_20230108_092941_out0056resized1.jpg 299,144,312,157,2
images/e663a42f-0f38abb1-VID_20230108_092941_out0056resized2.jpg 299,144,312,157,2
images/e663a42f-0f38abb1-VID_20230108_092941_out0056resized3.jpg 299,144,312,157,2
images/eaeaf844-afef076c-VID_20230108_092941_out0054resized1.jpg 240,188,251,198,0 238,176,252,188,1
images/eaeaf844-afef076c-VID_20230108_092941_out0054resized2.jpg 240,188,251,198,0 238,176,252,188,1
images/eaeaf844-afef076c-VID_20230108_092941_out0054resized3.jpg 240,188,251,198,0 238,176,252,188,1
images/ec7c15d6-3b3a2137-VID_20230108_092941_out0015resized1.jpg 338,116,365,142,1
images/ec7c15d6-3b3a2137-VID_20230108_092941_out0015resized2.jpg 338,116,365,142,1
images/ec7c15d6-3b3a2137-VID_20230108_092941_out0015resized3.jpg 338,116,365,142,1
images/ed9519d7-7461653b-road_signs_test_out0008resized1.jpg 299,201,311,209,0 299,182,310,192,1 240,172,251,180,0 190,194,201,205,0 136,185,145,194,0
images/ed9519d7-7461653b-road_signs_test_out0008resized2.jpg 299,201,311,209,0 299,182,310,192,1 240,172,251,180,0 190,194,201,205,0 136,185,145,194,0
images/ed9519d7-7461653b-road_signs_test_out0008resized3.jpg 299,201,311,209,0 299,182,310,192,1 240,172,251,180,0 190,194,201,205,0 136,185,145,194,0
images/f0b6330f-19ed3b15-489b200a-11resized1.jpg 316,120,388,190,2
images/f0b6330f-19ed3b15-489b200a-11resized2.jpg 316,120,388,190,2
images/f0b6330f-19ed3b15-489b200a-11resized3.jpg 316,120,388,190,2
images/f2175f5c-bc7a80d5-VID_20230108_092856_out0004resized1.jpg 313,135,340,155,0 19,134,38,154,0
images/f2175f5c-bc7a80d5-VID_20230108_092856_out0004resized2.jpg 313,135,340,155,0 19,134,38,154,0
images/f2175f5c-bc7a80d5-VID_20230108_092856_out0004resized3.jpg 313,135,340,155,0 19,134,38,154,0
images/f3b2e689-0d3cdeb5-VID_20230108_092941_out0055resized1.jpg 278,155,294,168,2
images/f3b2e689-0d3cdeb5-VID_20230108_092941_out0055resized2.jpg 278,155,294,168,2
images/f3b2e689-0d3cdeb5-VID_20230108_092941_out0055resized3.jpg 278,155,294,168,2
images/f416d330-26fae890-document_5280547541790762168_out0043resized1.jpg 203,170,219,186,0 175,135,190,149,0 30,187,43,200,0 90,146,101,157,0
images/f416d330-26fae890-document_5280547541790762168_out0043resized2.jpg 203,170,219,186,0 175,135,190,149,0 30,187,43,200,0 90,146,101,157,0
images/f416d330-26fae890-document_5280547541790762168_out0043resized3.jpg 203,170,219,186,0 175,135,190,149,0 30,187,43,200,0 90,146,101,157,0
images/f44a3baf-293ac029-document_5280547541790762168_out0004resized1.jpg 260,173,269,182,1 260,185,268,192,0
images/f44a3baf-293ac029-document_5280547541790762168_out0004resized2.jpg 260,173,269,182,1 260,185,268,192,0
images/f44a3baf-293ac029-document_5280547541790762168_out0004resized3.jpg 260,173,269,182,1 260,185,268,192,0
images/f453b56d-846e8c2a-road_signs_test_out0023resized1.jpg 240,188,251,198,0 238,176,252,188,1
images/f453b56d-846e8c2a-road_signs_test_out0023resized2.jpg 240,188,251,198,0 238,176,252,188,1
images/f453b56d-846e8c2a-road_signs_test_out0023resized3.jpg 240,188,251,198,0 238,176,252,188,1
images/f4bfa1df-cbe4a40f-road_signs_test_out0025resized1.jpg 240,188,251,198,0 238,176,252,188,1
images/f4bfa1df-cbe4a40f-road_signs_test_out0025resized2.jpg 240,188,251,198,0 238,176,252,188,1
images/f4bfa1df-cbe4a40f-road_signs_test_out0025resized3.jpg 240,188,251,198,0 238,176,252,188,1
images/f5b4ba9b-ecfd95eb-13ee83ac-50823695e4c7e07849cefa5339b24604resized1.jpg 246,97,343,194,1
images/f5b4ba9b-ecfd95eb-13ee83ac-50823695e4c7e07849cefa5339b24604resized2.jpg 246,97,343,194,1
images/f5b4ba9b-ecfd95eb-13ee83ac-50823695e4c7e07849cefa5339b24604resized3.jpg 246,97,343,194,1
images/f5c49f64-2e9260a3-document_5280547541790762168_out0033resized1.jpg 62,116,100,152,1 62,158,97,197,0
images/f5c49f64-2e9260a3-document_5280547541790762168_out0033resized2.jpg 62,116,100,152,1 62,158,97,197,0
images/f5c49f64-2e9260a3-document_5280547541790762168_out0033resized3.jpg 62,116,100,152,1 62,158,97,197,0
images/f7213d56-a2216b74-3588ea35-5resized1.jpg 146,128,204,180,0 80,160,107,204,0 310,209,323,222,0
images/f7213d56-a2216b74-3588ea35-5resized2.jpg 146,128,204,180,0 80,160,107,204,0 310,209,323,222,0
images/f7213d56-a2216b74-3588ea35-5resized3.jpg 146,128,204,180,0 80,160,107,204,0 310,209,323,222,0
images/f9587cb3-63a0ce52-VID_20230108_092941_out0037resized1.jpg 252,146,264,159,1
images/f9587cb3-63a0ce52-VID_20230108_092941_out0037resized2.jpg 252,146,264,159,1
images/f9587cb3-63a0ce52-VID_20230108_092941_out0037resized3.jpg 252,146,264,159,1
images/fc6e21ef-5ba41e40-VID_20230108_092941_out0034resized1.jpg 240,179,249,191,1
images/fc6e21ef-5ba41e40-VID_20230108_092941_out0034resized2.jpg 240,179,249,191,1
images/fc6e21ef-5ba41e40-VID_20230108_092941_out0034resized3.jpg 240,179,249,191,1
images/fdd7f5af-96bb2ee1-VID_20230108_092941_out0057resized1.jpg 332,111,359,133,2 115,147,126,158,0
images/fdd7f5af-96bb2ee1-VID_20230108_092941_out0057resized2.jpg 332,111,359,133,2 115,147,126,158,0
images/fdd7f5af-96bb2ee1-VID_20230108_092941_out0057resized3.jpg 332,111,359,133,2 115,147,126,158,0
images/fde37505-39b8edc1-document_5280547541790762168_out0009resized1.jpg 240,188,251,198,0 238,176,252,188,1
images/fde37505-39b8edc1-document_5280547541790762168_out0009resized2.jpg 240,188,251,198,0 238,176,252,188,1
images/fde37505-39b8edc1-document_5280547541790762168_out0009resized3.jpg 240,188,251,198,0 238,176,252,188,1
