images/0120c714-road_signs_test_out0019.jpg 459,415,479,436,0 501,344,526,368,0 830,329,861,354,0 987,396,1017,425,0 1146,255,1201,308,1
images/017e2857-fab36672-3.jpg 965,37,1136,206,0
images/01f59cfd-VID_20230108_092856_out0012.jpg 1177,333,1232,394,1
images/05fbb88f-dcde9adb-9.jpg 173,222,257,294,0 327,654,446,769,0
images/07544993-VID_20230108_092856_out0001.jpg 1311,116,1414,215,1 1158,198,1220,266,0 479,192,530,241,0
images/07d0cc82-document_5280547541790762168_out0020.jpg 424,123,464,166,0 623,286,668,330,0 136,321,172,354,0 33,344,68,379,0
images/098e36d1-VID_20230108_092941_out0021.jpg 1295,387,1354,438,1
images/0ca562ad-document_5280547541790762168_out0031.jpg 278,246,367,336,0 267,134,380,239,1 655,323,693,357,0 285,357,315,384,0
images/0cf8449c-VID_20230108_092941_out0007.jpg 1439,227,1564,339,0 1194,360,1256,424,1 11,209,94,292,0
images/0d606b63-road_signs_test_out0026.jpg 1115,269,1155,332,0
images/11e5bffc-7388a3ba-4.jpg 25,155,184,270,0 678,1,730,43,0 853,164,898,202,0
images/1330e337-VID_20230108_092941_out0030.jpg 30,322,106,415,0 1580,198,1702,320,0
images/14608aac-d40bef38-1.jpg 592,73,730,225,0
images/174c0ae1-document_5280547541790762168_out0051.jpg 393,113,487,203,0 1216,100,1273,218,0
images/178e947f-document_5280547541790762168_out0024.jpg 556,208,618,267,1 556,273,614,331,0 762,305,795,336,0 16,316,46,352,0 85,192,112,219,0 449,334,469,358,0 320,335,347,366,0
images/189e8daf-document_5280547541790762168_out0014.jpg 500,319,540,360,0 501,281,544,316,1 333,181,373,217,0 27,333,58,363,0
images/18b301a5-road_signs_test_out0014.jpg 267,344,277,368,0 582,375,595,392,0 610,324,625,344,0 832,311,851,331,0 937,356,956,373,0 944,291,974,324,1
images/19ed3b15-489b200a-11.jpg 1200,171,1500,475,2
images/204c16ce-VID_20230108_092941_out0029.jpg 414,408,490,491,0 1589,320,1693,419,0
images/205a6142-4e282437-10.jpg 207,260,256,303,0 358,115,398,153,0 568,88,607,126,0 743,250,778,285,0 763,113,815,168,1
images/220480c8-VID_20230108_092941_out0058.jpg 1293,198,1342,260,0 431,206,492,267,0
images/229920d2-VID_20230108_092941_out0006.jpg 1261,353,1331,410,0 330,326,404,379,0 1141,410,1192,453,1
images/22eba05d-road_signs_test_out0020.jpg 376,387,397,411,0 423,307,450,336,0 802,288,836,318,0 979,367,1008,397,0
images/230ed06d-document_5280547541790762168_out0023.jpg 563,279,610,327,0 326,90,367,129,0 26,324,62,355,0 94,197,121,223,0 438,330,463,352,0 748,305,775,329,0 552,209,615,273,1
images/260da6b1-document_5280547541790762168_out0012.jpg 716,315,754,346,0 712,274,751,313,1 562,195,592,222,0
images/26256cec-VID_20230108_092856_out0003.jpg 362,274,428,340,0 1242,282,1324,369,0 1599,68,1765,253,1
images/26fae890-document_5280547541790762168_out0043.jpg 623,244,680,294,0 539,136,592,194,0 277,162,311,205,0 95,298,140,339,0
images/28142393-VID_20230108_092856_out0027.jpg 454,349,516,410,0 1198,324,1251,379,0 1307,242,1427,356,1
images/293ac029-document_5280547541790762168_out0004.jpg 436,288,470,321,0 484,216,509,243,0 788,249,831,285,1 793,290,834,319,0 832,251,849,270,0 626,300,645,315,0
images/2b116e42-document_5280547541790762168_out0021.jpg 113,312,149,342,0 11,344,44,371,0 407,106,447,144,0 612,278,662,327,0 777,305,802,324,0
images/2d01c424-facdf40a-6.jpg 3832,467,4304,957,0 2714,1003,2811,1170,0
images/2e9260a3-document_5280547541790762168_out0033.jpg 185,208,313,328,0 185,80,319,203,1
images/2fcd351e-ca1d4609-7.jpg 28,219,74,275,0 92,217,129,262,0 402,39,498,126,0
images/3232e9d7-road_signs_test_out0009.jpg 90,364,107,384,0 156,382,174,404,0 351,262,376,285,0 424,370,434,391,0 549,296,580,325,0 563,315,591,340,0 819,360,829,369,0 856,363,870,374,1 972,241,1012,276,1 979,310,1013,345,0 748,205,776,231,0
images/3414151d-VID_20230108_092941_out0008.jpg 1295,322,1386,411,1 1164,396,1192,428,1
images/35652c29-VID_20230108_092941_out0005.jpg 1106,410,1153,453,1 1181,375,1234,434,0 503,356,548,401,0
images/3590e96c-VID_20230108_092941_out0042.jpg 1353,368,1450,463,1
images/395ae83f-road_signs_test_out0022.jpg 95,338,116,383,0 230,328,257,359,0 300,213,336,248,0 843,170,892,214,0 1105,282,1146,334,0
images/39b8edc1-document_5280547541790762168_out0009.jpg 349,321,376,347,0 737,298,773,332,0 736,262,770,297,1 563,320,584,341,0
images/3ad63dee-document_5280547541790762168_out0005.jpg 772,300,807,325,0 603,312,616,324,0 412,305,436,326,0 321,321,338,346,0 456,232,475,253,0 772,265,805,294,1 804,259,823,281,0
images/3b3a2137-VID_20230108_092941_out0015.jpg 1563,106,1700,235,1
images/3c0be622-road_signs_test_out0013.jpg 29,309,69,349,0 315,365,326,382,0 590,390,601,403,0 818,330,835,349,0 904,314,934,344,1 912,368,929,389,0
images/3c7b3758-document_5280547541790762168_out0030.jpg 329,283,400,363,0 329,185,407,270,1 662,344,700,378,0
images/40eb32a1-e93ce6a6-6.jpg 733,33,957,270,2
images/420c80fb-road_signs_test_out0018.jpg 13,352,43,388,0 538,421,558,443,0 571,354,597,380,0 872,343,903,370,0 1017,408,1044,428,0 1115,291,1173,340,1
images/434f474c-VID_20230108_092856_out0029.jpg 1553,74,1717,219,0
images/4609f285-VID_20230108_092856_out0028.jpg 1673,7,1852,178,1 1299,227,1388,314,0 265,291,358,365,0
images/476bb7eb-road_signs_test_out0012.jpg 300,104,382,184,0 187,332,213,363,0 818,335,834,354,0 904,373,916,385,0 886,328,911,353,1
images/48ad958a-document_5280547541790762168_out0010.jpg 741,295,772,325,0 340,318,370,349,0 249,343,268,365,0 735,258,776,294,1
images/4bd2c51a-document_5280547541790762168_out0039.jpg 367,119,421,255,0 147,291,176,318,0 540,164,575,208,0 613,249,651,296,0
images/5285a5a5-VID_20230108_092941_out0040.jpg 1324,373,1406,449,1
images/53be2a20-VID_20230108_092856_out0024.jpg 687,419,721,451,0 1095,408,1123,438,0 1124,398,1158,434,1 1187,343,1244,402,1
images/54c88ee9-VID_20230108_092941_out0014.jpg 1347,249,1440,334,1
images/564b57aa-VID_20230108_092856_out0025.jpg 1267,244,1371,337,1 1158,335,1203,390,1 1112,351,1153,396,0 639,373,679,411,0
images/56ded77f-road_signs_test_out0007.jpg 263,377,274,393,0 320,392,335,408,0 457,309,476,325,0 602,337,621,356,0 730,281,750,302,0 879,352,903,374,0 817,371,825,379,0 840,374,852,384,1 876,304,902,329,1 1217,368,1245,390,0
images/586f495e-VID_20230108_092856_out0002.jpg 477,194,528,243,0 1162,202,1219,266,0 1316,103,1426,215,1
images/59c03fa6-document_5280547541790762168_out0042.jpg 69,1,225,193,0 515,145,574,203,0 603,251,653,300,0
images/5a429faa-road_signs_test_out0010.jpg 1075,270,1125,314,0 754,120,799,164,0 491,251,532,290,0 248,217,279,246,0 1,371,23,396,0 362,361,377,382,0 519,284,549,314,0 1062,165,1124,223,1 855,353,873,370,1 812,354,823,366,0 882,385,894,396,0
images/5c509091-document_5280547541790762168_out0029.jpg 58,0,122,52,0 386,260,466,352,0
images/5cf1d13e-document_5280547541790762168_out0013.jpg 666,339,705,377,0 511,221,540,248,0 236,370,265,395,0 666,302,705,335,1
images/60b08a80-VID_20230108_092941_out0011.jpg 1391,192,1486,279,1 1190,364,1239,405,1
images/6392a8b7-document_5280547541790762168_out0025.jpg 558,296,602,348,0 445,352,475,376,0 67,194,102,235,0 0,333,31,373,0 553,232,608,285,1 768,326,795,356,0
images/63a0ce52-VID_20230108_092941_out0037.jpg 1168,257,1219,312,1
images/688ca9bc-document_5280547541790762168_out0016.jpg 547,310,577,336,0 362,162,393,191,0 533,258,578,302,1
images/68dcf62c-VID_20230108_092941_out0028.jpg 853,454,925,530,0
images/695a185e-document_5280547541790762168_out0019.jpg 538,290,576,324,0 335,120,373,155,0 531,237,580,278,1 30,314,64,345,0
images/6b4a08f2-91d8c7e5-8.jpg 406,148,502,238,2 189,371,197,378,0 332,358,340,366,0
images/6b8cf514-VID_20230108_092941_out0041.jpg 1343,307,1430,385,1
images/6c87e0a8-VID_20230108_092941_out0022.jpg 1397,351,1480,417,1
images/6d3f0c7d-document_5280547541790762168_out0053.jpg 318,27,413,124,0
images/705d6325-VID_20230108_092941_out0038.jpg 1231,311,1293,368,1
images/70cf9648-4437fbda-5.jpg 486,172,585,290,2 427,291,441,310,0 670,274,695,300,0
images/72478baf-document_5280547541790762168_out0034.jpg 120,199,196,294,0 69,353,90,386,0 267,353,291,378,0 403,262,424,283,0 612,255,634,281,0 667,326,697,356,0 100,31,234,169,1
images/73bd6546-document_5280547541790762168_out0026.jpg 545,335,599,387,0 540,255,607,326,1 282,118,330,163,0 450,399,470,416,0 778,370,802,397,0
images/7461653b-road_signs_test_out0008.jpg 203,375,216,392,0 264,391,280,409,0 424,292,445,310,0 474,380,482,396,0 591,324,614,348,0 929,340,959,365,0 828,369,838,378,0 858,371,871,383,1 926,282,957,309,1 746,252,773,279,0 604,335,623,358,0
images/76f4d2fb-road_signs_test_out0002.jpg 669,375,683,388,1
images/78a69594-document_5280547541790762168_out0028.jpg 142,40,206,113,0 450,302,512,366,0 380,376,402,396,0 235,381,255,405,0 722,344,756,374,0 445,214,509,294,1
images/7a2a2a60-VID_20230108_092856_out0022.jpg 1087,417,1134,457,1
images/8042c9d5-document_5280547541790762168_out0022.jpg 69,323,104,357,0 365,109,401,142,0 584,279,634,326,0 594,231,633,266,1 759,301,781,326,0
images/82e31f02-road_signs_test_out0006.jpg 1137,373,1159,390,0 845,360,864,379,0 857,394,866,402,0 805,370,814,379,0 717,299,736,317,0 843,319,863,338,1 608,347,625,364,0 481,321,497,333,0 307,382,316,396,0 360,395,373,409,0
images/86033180-road_signs_test_out0027.jpg 1164,260,1190,296,0
images/860d2760-47a60235-scale_1200.jpg 868,261,962,350,3
images/87bcffad-document_5280547541790762168_out0018.jpg 514,287,557,327,0 510,239,562,279,1 319,133,360,166,0 10,316,41,340,0
images/88cc9555-road_signs_test_out0011.jpg 94,128,139,168,0 399,146,461,210,0 455,217,502,261,0 295,334,312,364,0 895,377,908,390,0 817,343,830,355,0 872,339,890,358,1
images/8a5bcfce-VID_20230108_092941_out0044.jpg 1664,141,1852,318,1
images/8d082666-document_5280547541790762168_out0050.jpg 1104,184,1153,287,0 402,170,485,251,0 255,1,324,65,0
images/8d1dca44-document_5280547541790762168_out0049.jpg 427,198,498,275,0 299,43,358,96,0
images/9480a4c9-VID_20230108_092941_out0043.jpg 1437,354,1562,468,1 1423,463,1432,466,1
images/95ff70c6-document_5280547541790762168_out0001.jpg 801,293,827,317,0 799,264,830,288,1 444,298,470,324,0 491,226,512,252,0 626,305,645,326,0 353,316,375,341,0
images/96bb2ee1-VID_20230108_092941_out0057.jpg 528,261,590,316,0 1253,261,1306,308,0
images/977a9e62-VID_20230108_092856_out0013.jpg 1219,309,1302,392,1
images/9c96e124-document_5280547541790762168_out0037.jpg 183,334,218,367,0 333,234,363,263,0 558,225,594,261,0 622,298,660,341,0
images/a126a1ba-VID_20230108_092856_out0014.jpg 1349,227,1486,339,1
images/a172cd5e-VID_20230108_092941_out0027.jpg 1204,463,1263,518,0
images/a2216b74-3588ea35-5.jpg 153,209,209,296,0 275,139,398,257,0 599,305,626,328,0
images/a33627da-document_5280547541790762168_out0038.jpg 165,324,196,354,0 320,216,350,247,0 549,207,584,247,0 619,292,653,331,0
images/a5e8cd4d-VID_20230108_092941_out0023.jpg 1532,269,1633,362,1
images/a6a26040-f88d553d-sign60.jpg 461,186,490,214,3
images/a6fb8c7f-document_5280547541790762168_out0027.jpg 194,80,249,132,0 493,315,546,372,0 403,384,430,404,0 267,390,287,415,0 484,237,550,305,1 739,344,770,378,0
images/a86b14b3-document_5280547541790762168_out0006.jpg 755,295,791,326,0 755,260,799,291,1 790,254,814,281,0 582,307,608,329,0 435,232,459,248,0 391,304,417,330,0 302,323,318,348,0
images/a94ec1cb-document_5280547541790762168_out0044.jpg 652,250,693,295,0 562,134,600,181,0 106,305,136,336,0
images/aaa7dd4c-road_signs_test_out0017.jpg 133,342,159,376,0 580,398,605,420,0 619,340,638,361,0 899,325,925,350,0 1031,380,1064,409,0 1105,282,1153,329,1
images/b03689ff-document_5280547541790762168_out0003.jpg 357,312,378,342,0 444,297,474,326,0 492,225,513,250,0 627,306,648,323,0 797,291,836,320,0 795,258,831,287,1
images/b2ddbf5d-VID_20230108_092941_out0009.jpg 1519,188,1690,334,1 1208,370,1257,415,1
images/b305351f-road_signs_test_out0004.jpg 717,339,747,366,1
images/b341350d-96c4cbce-196956.jpg 1269,101,1387,223,1 694,183,749,233,1 560,191,599,233,1 488,216,514,238,1 453,230,471,249,1 419,226,442,251,1 396,235,413,252,1
images/b4969edf-document_5280547541790762168_out0040.jpg 612,259,651,298,0 536,169,572,202,0 306,85,388,256,0 127,293,170,329,0
images/b60b555c-document_5280547541790762168_out0011.jpg 727,306,762,342,0 725,269,768,308,1
images/b717b816-VID_20230108_092856_out0023.jpg 1126,368,1177,417,1 1089,408,1119,436,1
images/b7375454-road_signs_test_out0003.jpg 686,366,704,382,1
images/b8d74805-0601be34-a58fcdes-960.jpg 511,125,566,173,0 425,209,445,233,0 379,220,399,243,0 225,137,258,168,0 215,47,263,98,1 125,221,138,238,0
images/b8f0ec55-document_5280547541790762168_out0046.jpg 66,356,95,387,0 259,207,288,236,0 552,148,600,201,0 656,273,710,326,0
images/bc7a80d5-VID_20230108_092856_out0004.jpg 1439,179,1572,324,0 78,198,184,297,0
images/bed22824-road_signs_test_out0016.jpg 185,343,209,378,0 586,390,605,414,0 622,337,639,358,0 881,318,908,347,0 1006,373,1033,398,0 1050,286,1094,327,1
images/bef6de24-road_signs_test_out0015.jpg 227,346,247,375,0 586,387,598,406,0 615,335,634,355,0 857,318,878,342,0 994,293,1030,327,1 970,370,994,389,0
images/c0e48f0b-495d5c63-8.jpg 892,218,1015,346,0 348,343,377,391,0
images/c14bb88d-road_signs_test_out0001.jpg 668,376,682,389,1
images/c1dfb504-VID_20230108_092941_out0012.jpg 1647,9,1782,157,1 1236,353,1279,391,1
images/c7ca0e8c-VID_20230108_092856_out0010.jpg 1105,394,1146,437,1
images/c9ae70ed-document_5280547541790762168_out0047.jpg 194,202,227,237,0 494,142,546,192,0 612,274,662,329,0
images/cb80786e-document_5280547541790762168_out0002.jpg 356,318,376,339,0 442,296,468,325,0 486,217,511,251,0 626,301,653,330,0 797,287,832,320,0 795,256,835,289,1
images/ce21fc63-road_signs_test_out0005.jpg 799,277,853,329,1
images/cf14e9f1-document_5280547541790762168_out0041.jpg 208,10,309,224,0 519,148,571,196,0 595,242,645,294,0 103,282,136,321,0
images/d13d9f2b-document_5280547541790762168_out0017.jpg 528,270,577,303,1 531,312,570,355,0 343,162,381,195,0 36,338,67,362,0 361,349,377,364,0
images/d18304c3-VID_20230108_092941_out0013.jpg 1278,339,1342,396,1
images/d3e89f95-document_5280547541790762168_out0008.jpg 708,272,746,303,1 709,304,750,334,0 328,326,355,353,0 234,348,261,377,0 538,325,558,346,0
images/d704d140-document_5280547541790762168_out0048.jpg 530,227,587,285,0 410,82,460,134,0 86,152,124,192,0
images/d94c0dad-c0d3166f-sign60_1.jpg 498,170,555,225,3
images/dc8e6f02-document_5280547541790762168_out0054.jpg 250,5,393,80,0
images/ddba2b41-road_signs_test_out0021.jpg 209,372,231,406,0 307,357,336,388,0 367,268,389,295,0 815,236,848,269,0 1022,328,1060,364,0
images/df861337-document_5280547541790762168_out0032.jpg 225,228,319,328,0 652,318,687,362,0 599,254,626,289,0 215,101,335,219,1
images/e29f8e15-VID_20230108_092941_out0004.jpg 1145,398,1190,443,0 601,383,648,426,0 1095,427,1129,463,1
images/e2f0865d-7a579eeb-IMG_7106_copy.jpg 620,114,797,289,1 221,276,251,310,0
images/e84c878b-VID_20230108_092941_out0031.jpg 1673,13,1823,171,0
images/ea026299-document_5280547541790762168_out0035.jpg 0,171,90,279,0 0,1,127,129,1 244,356,269,377,0 380,254,404,283,0 595,248,620,277,0 652,321,686,348,0
images/ebb119a8-6c89256a-1245800.jpg 515,122,666,270,1 301,327,319,344,1 258,334,268,343,1 244,338,252,344,1
images/ebb55cca-VID_20230108_092856_out0026.jpg 1488,124,1650,270,1 1204,316,1280,399,1 1147,356,1190,401,0 566,381,606,421,0
images/ecda5ec8-document_5280547541790762168_out0052.jpg 347,64,451,164,0
images/ecfd95eb-13ee83ac-50823695e4c7e07849cefa5339b24604.jpg 474,24,663,202,1
images/ef5b4afe-VID_20230108_092941_out0010.jpg 1274,270,1346,332,1
images/f135c660-document_5280547541790762168_out0036.jpg 201,339,225,369,0 561,230,599,268,0 628,307,661,341,0
images/f1404ec1-VID_20230108_092941_out0059.jpg 1353,175,1415,247,0 335,183,403,253,0
images/f16b7271-VID_20230108_092941_out0036.jpg 1141,284,1194,333,1
images/f24eb2d4-VID_20230108_092941_out0035.jpg 1124,314,1177,354,1
images/f964cf10-document_5280547541790762168_out0045.jpg 655,250,704,302,0 559,129,604,174,0 274,173,308,206,0 85,312,120,350,0
images/faa05dfc-document_5280547541790762168_out0015.jpg 496,298,531,329,0 491,251,535,294,1 320,155,351,182,0
images/fbf31080-VID_20230108_092856_out0011.jpg 1141,394,1192,445,1
images/005d087b-document_5280547541790762168_out00071.jpg 1141,394,1192,445,1
images/005d087b-document_5280547541790762168_out00072.jpg 1141,394,1192,445,1
images/005d087b-document_5280547541790762168_out00073.jpg 1141,394,1192,445,1
images/0120c714-road_signs_test_out00191.jpg 459,415,479,436,0 501,344,526,368,0 830,329,861,354,0 987,396,1017,425,0 1146,255,1201,308,1
images/0120c714-road_signs_test_out00192.jpg 459,415,479,436,0 501,344,526,368,0 830,329,861,354,0 987,396,1017,425,0 1146,255,1201,308,1
images/0120c714-road_signs_test_out00193.jpg 459,415,479,436,0 501,344,526,368,0 830,329,861,354,0 987,396,1017,425,0 1146,255,1201,308,1
images/017e2857-fab36672-31.jpg 965,37,1136,206,0
images/017e2857-fab36672-32.jpg 965,37,1136,206,0
images/017e2857-fab36672-33.jpg 965,37,1136,206,0
images/01f59cfd-VID_20230108_092856_out00121.jpg 1177,333,1232,394,1
images/01f59cfd-VID_20230108_092856_out00122.jpg 1177,333,1232,394,1
images/01f59cfd-VID_20230108_092856_out00123.jpg 1177,333,1232,394,1
images/046981c7-VID_20230108_092856_out00211.jpg 1141,394,1192,445,1
images/046981c7-VID_20230108_092856_out00212.jpg 1141,394,1192,445,1
images/046981c7-VID_20230108_092856_out00213.jpg 1141,394,1192,445,1
images/05fbb88f-dcde9adb-91.jpg 173,222,257,294,0 327,654,446,769,0
images/05fbb88f-dcde9adb-92.jpg 173,222,257,294,0 327,654,446,769,0
images/05fbb88f-dcde9adb-93.jpg 173,222,257,294,0 327,654,446,769,0
images/07544993-VID_20230108_092856_out00011.jpg 1311,116,1414,215,1 1158,198,1220,266,0 479,192,530,241,0
images/07544993-VID_20230108_092856_out00012.jpg 1311,116,1414,215,1 1158,198,1220,266,0 479,192,530,241,0
images/07544993-VID_20230108_092856_out00013.jpg 1311,116,1414,215,1 1158,198,1220,266,0 479,192,530,241,0
images/07d0cc82-document_5280547541790762168_out00201.jpg 424,123,464,166,0 623,286,668,330,0 136,321,172,354,0 33,344,68,379,0
images/07d0cc82-document_5280547541790762168_out00202.jpg 424,123,464,166,0 623,286,668,330,0 136,321,172,354,0 33,344,68,379,0
images/07d0cc82-document_5280547541790762168_out00203.jpg 424,123,464,166,0 623,286,668,330,0 136,321,172,354,0 33,344,68,379,0
images/07fea6b0-VID_20230108_092941_out00181.jpg 1141,394,1192,445,1
images/07fea6b0-VID_20230108_092941_out00182.jpg 1141,394,1192,445,1
images/07fea6b0-VID_20230108_092941_out00183.jpg 1141,394,1192,445,1
images/098e36d1-VID_20230108_092941_out00211.jpg 1295,387,1354,438,1
images/098e36d1-VID_20230108_092941_out00212.jpg 1295,387,1354,438,1
images/098e36d1-VID_20230108_092941_out00213.jpg 1295,387,1354,438,1
images/0ca562ad-document_5280547541790762168_out00311.jpg 278,246,367,336,0 267,134,380,239,1 655,323,693,357,0 285,357,315,384,0
images/0ca562ad-document_5280547541790762168_out00312.jpg 278,246,367,336,0 267,134,380,239,1 655,323,693,357,0 285,357,315,384,0
images/0ca562ad-document_5280547541790762168_out00313.jpg 278,246,367,336,0 267,134,380,239,1 655,323,693,357,0 285,357,315,384,0
images/0cc97109-road_signs_test_out00291.jpg 1141,394,1192,445,1
images/0cc97109-road_signs_test_out00292.jpg 1141,394,1192,445,1
images/0cc97109-road_signs_test_out00293.jpg 1141,394,1192,445,1
images/0cf8449c-VID_20230108_092941_out00071.jpg 1439,227,1564,339,0 1194,360,1256,424,1 11,209,94,292,0
images/0cf8449c-VID_20230108_092941_out00072.jpg 1439,227,1564,339,0 1194,360,1256,424,1 11,209,94,292,0
images/0cf8449c-VID_20230108_092941_out00073.jpg 1439,227,1564,339,0 1194,360,1256,424,1 11,209,94,292,0
images/0d3cdeb5-VID_20230108_092941_out00551.jpg 1141,394,1192,445,1
images/0d3cdeb5-VID_20230108_092941_out00552.jpg 1141,394,1192,445,1
images/0d3cdeb5-VID_20230108_092941_out00553.jpg 1141,394,1192,445,1
images/0d606b63-road_signs_test_out00261.jpg 1115,269,1155,332,0
images/0d606b63-road_signs_test_out00262.jpg 1115,269,1155,332,0
images/0d606b63-road_signs_test_out00263.jpg 1115,269,1155,332,0
images/0f38abb1-VID_20230108_092941_out00561.jpg 1141,394,1192,445,1
images/0f38abb1-VID_20230108_092941_out00562.jpg 1141,394,1192,445,1
images/0f38abb1-VID_20230108_092941_out00563.jpg 1141,394,1192,445,1
images/1006d6b6-VID_20230108_092941_out00261.jpg 1141,394,1192,445,1
images/1006d6b6-VID_20230108_092941_out00262.jpg 1141,394,1192,445,1
images/1006d6b6-VID_20230108_092941_out00263.jpg 1141,394,1192,445,1
images/11e5bffc-7388a3ba-41.jpg 25,155,184,270,0 678,1,730,43,0 853,164,898,202,0
images/11e5bffc-7388a3ba-42.jpg 25,155,184,270,0 678,1,730,43,0 853,164,898,202,0
images/11e5bffc-7388a3ba-43.jpg 25,155,184,270,0 678,1,730,43,0 853,164,898,202,0
images/1330e337-VID_20230108_092941_out00301.jpg 30,322,106,415,0 1580,198,1702,320,0
images/1330e337-VID_20230108_092941_out00302.jpg 30,322,106,415,0 1580,198,1702,320,0
images/1330e337-VID_20230108_092941_out00303.jpg 30,322,106,415,0 1580,198,1702,320,0
images/14608aac-d40bef38-11.jpg 592,73,730,225,0
images/14608aac-d40bef38-12.jpg 592,73,730,225,0
images/14608aac-d40bef38-13.jpg 592,73,730,225,0
images/174c0ae1-document_5280547541790762168_out00511.jpg 393,113,487,203,0 1216,100,1273,218,0
images/174c0ae1-document_5280547541790762168_out00512.jpg 393,113,487,203,0 1216,100,1273,218,0
images/174c0ae1-document_5280547541790762168_out00513.jpg 393,113,487,203,0 1216,100,1273,218,0
images/178e947f-document_5280547541790762168_out00241.jpg 556,208,618,267,1 556,273,614,331,0 762,305,795,336,0 16,316,46,352,0 85,192,112,219,0 449,334,469,358,0 320,335,347,366,0
images/178e947f-document_5280547541790762168_out00242.jpg 556,208,618,267,1 556,273,614,331,0 762,305,795,336,0 16,316,46,352,0 85,192,112,219,0 449,334,469,358,0 320,335,347,366,0
images/178e947f-document_5280547541790762168_out00243.jpg 556,208,618,267,1 556,273,614,331,0 762,305,795,336,0 16,316,46,352,0 85,192,112,219,0 449,334,469,358,0 320,335,347,366,0
images/189e8daf-document_5280547541790762168_out00141.jpg 500,319,540,360,0 501,281,544,316,1 333,181,373,217,0 27,333,58,363,0
images/189e8daf-document_5280547541790762168_out00142.jpg 500,319,540,360,0 501,281,544,316,1 333,181,373,217,0 27,333,58,363,0
images/189e8daf-document_5280547541790762168_out00143.jpg 500,319,540,360,0 501,281,544,316,1 333,181,373,217,0 27,333,58,363,0
images/18b301a5-road_signs_test_out00141.jpg 267,344,277,368,0 582,375,595,392,0 610,324,625,344,0 832,311,851,331,0 937,356,956,373,0 944,291,974,324,1
images/18b301a5-road_signs_test_out00142.jpg 267,344,277,368,0 582,375,595,392,0 610,324,625,344,0 832,311,851,331,0 937,356,956,373,0 944,291,974,324,1
images/18b301a5-road_signs_test_out00143.jpg 267,344,277,368,0 582,375,595,392,0 610,324,625,344,0 832,311,851,331,0 937,356,956,373,0 944,291,974,324,1
images/19ed3b15-489b200a-111.jpg 1200,171,1500,475,2
images/19ed3b15-489b200a-112.jpg 1200,171,1500,475,2
images/19ed3b15-489b200a-113.jpg 1200,171,1500,475,2
images/204c16ce-VID_20230108_092941_out00291.jpg 414,408,490,491,0 1589,320,1693,419,0
images/204c16ce-VID_20230108_092941_out00292.jpg 414,408,490,491,0 1589,320,1693,419,0
images/204c16ce-VID_20230108_092941_out00293.jpg 414,408,490,491,0 1589,320,1693,419,0
images/205a6142-4e282437-101.jpg 207,260,256,303,0 358,115,398,153,0 568,88,607,126,0 743,250,778,285,0 763,113,815,168,1
images/205a6142-4e282437-102.jpg 207,260,256,303,0 358,115,398,153,0 568,88,607,126,0 743,250,778,285,0 763,113,815,168,1
images/205a6142-4e282437-103.jpg 207,260,256,303,0 358,115,398,153,0 568,88,607,126,0 743,250,778,285,0 763,113,815,168,1
images/220480c8-VID_20230108_092941_out00581.jpg 1293,198,1342,260,0 431,206,492,267,0
images/220480c8-VID_20230108_092941_out00582.jpg 1293,198,1342,260,0 431,206,492,267,0
images/220480c8-VID_20230108_092941_out00583.jpg 1293,198,1342,260,0 431,206,492,267,0
images/229920d2-VID_20230108_092941_out00061.jpg 1261,353,1331,410,0 330,326,404,379,0 1141,410,1192,453,1
images/229920d2-VID_20230108_092941_out00062.jpg 1261,353,1331,410,0 330,326,404,379,0 1141,410,1192,453,1
images/229920d2-VID_20230108_092941_out00063.jpg 1261,353,1331,410,0 330,326,404,379,0 1141,410,1192,453,1
images/22eba05d-road_signs_test_out00201.jpg 376,387,397,411,0 423,307,450,336,0 802,288,836,318,0 979,367,1008,397,0
images/22eba05d-road_signs_test_out00202.jpg 376,387,397,411,0 423,307,450,336,0 802,288,836,318,0 979,367,1008,397,0
images/22eba05d-road_signs_test_out00203.jpg 376,387,397,411,0 423,307,450,336,0 802,288,836,318,0 979,367,1008,397,0
images/230ed06d-document_5280547541790762168_out00231.jpg 563,279,610,327,0 326,90,367,129,0 26,324,62,355,0 94,197,121,223,0 438,330,463,352,0 748,305,775,329,0 552,209,615,273,1
images/230ed06d-document_5280547541790762168_out00232.jpg 563,279,610,327,0 326,90,367,129,0 26,324,62,355,0 94,197,121,223,0 438,330,463,352,0 748,305,775,329,0 552,209,615,273,1
images/230ed06d-document_5280547541790762168_out00233.jpg 563,279,610,327,0 326,90,367,129,0 26,324,62,355,0 94,197,121,223,0 438,330,463,352,0 748,305,775,329,0 552,209,615,273,1
images/2428d2d7-VID_20230108_092941_out00011.jpg 1141,394,1192,445,1
images/2428d2d7-VID_20230108_092941_out00012.jpg 1141,394,1192,445,1
images/2428d2d7-VID_20230108_092941_out00013.jpg 1141,394,1192,445,1
images/260da6b1-document_5280547541790762168_out00121.jpg 716,315,754,346,0 712,274,751,313,1 562,195,592,222,0
images/260da6b1-document_5280547541790762168_out00122.jpg 716,315,754,346,0 712,274,751,313,1 562,195,592,222,0
images/260da6b1-document_5280547541790762168_out00123.jpg 716,315,754,346,0 712,274,751,313,1 562,195,592,222,0
images/26256cec-VID_20230108_092856_out00031.jpg 362,274,428,340,0 1242,282,1324,369,0 1599,68,1765,253,1
images/26256cec-VID_20230108_092856_out00032.jpg 362,274,428,340,0 1242,282,1324,369,0 1599,68,1765,253,1
images/26256cec-VID_20230108_092856_out00033.jpg 362,274,428,340,0 1242,282,1324,369,0 1599,68,1765,253,1
images/26fae890-document_5280547541790762168_out00431.jpg 623,244,680,294,0 539,136,592,194,0 277,162,311,205,0 95,298,140,339,0
images/26fae890-document_5280547541790762168_out00432.jpg 623,244,680,294,0 539,136,592,194,0 277,162,311,205,0 95,298,140,339,0
images/26fae890-document_5280547541790762168_out00433.jpg 623,244,680,294,0 539,136,592,194,0 277,162,311,205,0 95,298,140,339,0
images/28142393-VID_20230108_092856_out00271.jpg 454,349,516,410,0 1198,324,1251,379,0 1307,242,1427,356,1
images/28142393-VID_20230108_092856_out00272.jpg 454,349,516,410,0 1198,324,1251,379,0 1307,242,1427,356,1
images/28142393-VID_20230108_092856_out00273.jpg 454,349,516,410,0 1198,324,1251,379,0 1307,242,1427,356,1
images/293ac029-document_5280547541790762168_out00041.jpg 436,288,470,321,0 484,216,509,243,0 788,249,831,285,1 793,290,834,319,0 832,251,849,270,0 626,300,645,315,0
images/293ac029-document_5280547541790762168_out00042.jpg 436,288,470,321,0 484,216,509,243,0 788,249,831,285,1 793,290,834,319,0 832,251,849,270,0 626,300,645,315,0
images/293ac029-document_5280547541790762168_out00043.jpg 436,288,470,321,0 484,216,509,243,0 788,249,831,285,1 793,290,834,319,0 832,251,849,270,0 626,300,645,315,0
images/2b116e42-document_5280547541790762168_out00211.jpg 113,312,149,342,0 11,344,44,371,0 407,106,447,144,0 612,278,662,327,0 777,305,802,324,0
images/2b116e42-document_5280547541790762168_out00212.jpg 113,312,149,342,0 11,344,44,371,0 407,106,447,144,0 612,278,662,327,0 777,305,802,324,0
images/2b116e42-document_5280547541790762168_out00213.jpg 113,312,149,342,0 11,344,44,371,0 407,106,447,144,0 612,278,662,327,0 777,305,802,324,0
images/2d01c424-facdf40a-61.jpg 3832,467,4304,957,0 2714,1003,2811,1170,0
images/2d01c424-facdf40a-62.jpg 3832,467,4304,957,0 2714,1003,2811,1170,0
images/2d01c424-facdf40a-63.jpg 3832,467,4304,957,0 2714,1003,2811,1170,0
images/2d62591f-VID_20230108_092941_out00461.jpg 1141,394,1192,445,1
images/2d62591f-VID_20230108_092941_out00462.jpg 1141,394,1192,445,1
images/2d62591f-VID_20230108_092941_out00463.jpg 1141,394,1192,445,1
images/2e9260a3-document_5280547541790762168_out00331.jpg 185,208,313,328,0 185,80,319,203,1
images/2e9260a3-document_5280547541790762168_out00332.jpg 185,208,313,328,0 185,80,319,203,1
images/2e9260a3-document_5280547541790762168_out00333.jpg 185,208,313,328,0 185,80,319,203,1
images/2fcd351e-ca1d4609-71.jpg 28,219,74,275,0 92,217,129,262,0 402,39,498,126,0
images/2fcd351e-ca1d4609-72.jpg 28,219,74,275,0 92,217,129,262,0 402,39,498,126,0
images/2fcd351e-ca1d4609-73.jpg 28,219,74,275,0 92,217,129,262,0 402,39,498,126,0
images/3232e9d7-road_signs_test_out00091.jpg 90,364,107,384,0 156,382,174,404,0 351,262,376,285,0 424,370,434,391,0 549,296,580,325,0 563,315,591,340,0 819,360,829,369,0 856,363,870,374,1 972,241,1012,276,1 979,310,1013,345,0 748,205,776,231,0
images/3232e9d7-road_signs_test_out00092.jpg 90,364,107,384,0 156,382,174,404,0 351,262,376,285,0 424,370,434,391,0 549,296,580,325,0 563,315,591,340,0 819,360,829,369,0 856,363,870,374,1 972,241,1012,276,1 979,310,1013,345,0 748,205,776,231,0
images/3232e9d7-road_signs_test_out00093.jpg 90,364,107,384,0 156,382,174,404,0 351,262,376,285,0 424,370,434,391,0 549,296,580,325,0 563,315,591,340,0 819,360,829,369,0 856,363,870,374,1 972,241,1012,276,1 979,310,1013,345,0 748,205,776,231,0
images/32dbc8cb-VID_20230108_092941_out00501.jpg 1141,394,1192,445,1
images/32dbc8cb-VID_20230108_092941_out00502.jpg 1141,394,1192,445,1
images/32dbc8cb-VID_20230108_092941_out00503.jpg 1141,394,1192,445,1
images/3414151d-VID_20230108_092941_out00081.jpg 1295,322,1386,411,1 1164,396,1192,428,1
images/3414151d-VID_20230108_092941_out00082.jpg 1295,322,1386,411,1 1164,396,1192,428,1
images/3414151d-VID_20230108_092941_out00083.jpg 1295,322,1386,411,1 1164,396,1192,428,1
images/35652c29-VID_20230108_092941_out00051.jpg 1106,410,1153,453,1 1181,375,1234,434,0 503,356,548,401,0
images/35652c29-VID_20230108_092941_out00052.jpg 1106,410,1153,453,1 1181,375,1234,434,0 503,356,548,401,0
images/35652c29-VID_20230108_092941_out00053.jpg 1106,410,1153,453,1 1181,375,1234,434,0 503,356,548,401,0
images/3590e96c-VID_20230108_092941_out00421.jpg 1353,368,1450,463,1
images/3590e96c-VID_20230108_092941_out00422.jpg 1353,368,1450,463,1
images/3590e96c-VID_20230108_092941_out00423.jpg 1353,368,1450,463,1
images/37b5fa74-VID_20230108_092941_out00391.jpg 1141,394,1192,445,1
images/37b5fa74-VID_20230108_092941_out00392.jpg 1141,394,1192,445,1
images/37b5fa74-VID_20230108_092941_out00393.jpg 1141,394,1192,445,1
images/395ae83f-road_signs_test_out00221.jpg 95,338,116,383,0 230,328,257,359,0 300,213,336,248,0 843,170,892,214,0 1105,282,1146,334,0
images/395ae83f-road_signs_test_out00222.jpg 95,338,116,383,0 230,328,257,359,0 300,213,336,248,0 843,170,892,214,0 1105,282,1146,334,0
images/395ae83f-road_signs_test_out00223.jpg 95,338,116,383,0 230,328,257,359,0 300,213,336,248,0 843,170,892,214,0 1105,282,1146,334,0
images/39b8edc1-document_5280547541790762168_out00091.jpg 349,321,376,347,0 737,298,773,332,0 736,262,770,297,1 563,320,584,341,0
images/39b8edc1-document_5280547541790762168_out00092.jpg 349,321,376,347,0 737,298,773,332,0 736,262,770,297,1 563,320,584,341,0
images/39b8edc1-document_5280547541790762168_out00093.jpg 349,321,376,347,0 737,298,773,332,0 736,262,770,297,1 563,320,584,341,0
images/3ad63dee-document_5280547541790762168_out00051.jpg 772,300,807,325,0 603,312,616,324,0 412,305,436,326,0 321,321,338,346,0 456,232,475,253,0 772,265,805,294,1 804,259,823,281,0
images/3ad63dee-document_5280547541790762168_out00052.jpg 772,300,807,325,0 603,312,616,324,0 412,305,436,326,0 321,321,338,346,0 456,232,475,253,0 772,265,805,294,1 804,259,823,281,0
images/3ad63dee-document_5280547541790762168_out00053.jpg 772,300,807,325,0 603,312,616,324,0 412,305,436,326,0 321,321,338,346,0 456,232,475,253,0 772,265,805,294,1 804,259,823,281,0
images/3aff4176-VID_20230108_092941_out00451.jpg 1141,394,1192,445,1
images/3aff4176-VID_20230108_092941_out00452.jpg 1141,394,1192,445,1
images/3aff4176-VID_20230108_092941_out00453.jpg 1141,394,1192,445,1
images/3b3a2137-VID_20230108_092941_out00151.jpg 1563,106,1700,235,1
images/3b3a2137-VID_20230108_092941_out00152.jpg 1563,106,1700,235,1
images/3b3a2137-VID_20230108_092941_out00153.jpg 1563,106,1700,235,1
images/3c0be622-road_signs_test_out00131.jpg 29,309,69,349,0 315,365,326,382,0 590,390,601,403,0 818,330,835,349,0 904,314,934,344,1 912,368,929,389,0
images/3c0be622-road_signs_test_out00132.jpg 29,309,69,349,0 315,365,326,382,0 590,390,601,403,0 818,330,835,349,0 904,314,934,344,1 912,368,929,389,0
images/3c0be622-road_signs_test_out00133.jpg 29,309,69,349,0 315,365,326,382,0 590,390,601,403,0 818,330,835,349,0 904,314,934,344,1 912,368,929,389,0
images/3c7b3758-document_5280547541790762168_out00301.jpg 329,283,400,363,0 329,185,407,270,1 662,344,700,378,0
images/3c7b3758-document_5280547541790762168_out00302.jpg 329,283,400,363,0 329,185,407,270,1 662,344,700,378,0
images/3c7b3758-document_5280547541790762168_out00303.jpg 329,283,400,363,0 329,185,407,270,1 662,344,700,378,0
images/3fea634c-VID_20230108_092856_out00051.jpg 1141,394,1192,445,1
images/3fea634c-VID_20230108_092856_out00052.jpg 1141,394,1192,445,1
images/3fea634c-VID_20230108_092856_out00053.jpg 1141,394,1192,445,1
images/40eb32a1-e93ce6a6-61.jpg 733,33,957,270,2
images/40eb32a1-e93ce6a6-62.jpg 733,33,957,270,2
images/40eb32a1-e93ce6a6-63.jpg 733,33,957,270,2
images/420c80fb-road_signs_test_out00181.jpg 13,352,43,388,0 538,421,558,443,0 571,354,597,380,0 872,343,903,370,0 1017,408,1044,428,0 1115,291,1173,340,1
images/420c80fb-road_signs_test_out00182.jpg 13,352,43,388,0 538,421,558,443,0 571,354,597,380,0 872,343,903,370,0 1017,408,1044,428,0 1115,291,1173,340,1
images/420c80fb-road_signs_test_out00183.jpg 13,352,43,388,0 538,421,558,443,0 571,354,597,380,0 872,343,903,370,0 1017,408,1044,428,0 1115,291,1173,340,1
images/434f474c-VID_20230108_092856_out00291.jpg 1553,74,1717,219,0
images/434f474c-VID_20230108_092856_out00292.jpg 1553,74,1717,219,0
images/434f474c-VID_20230108_092856_out00293.jpg 1553,74,1717,219,0
images/4609f285-VID_20230108_092856_out00281.jpg 1673,7,1852,178,1 1299,227,1388,314,0 265,291,358,365,0
images/4609f285-VID_20230108_092856_out00282.jpg 1673,7,1852,178,1 1299,227,1388,314,0 265,291,358,365,0
images/4609f285-VID_20230108_092856_out00283.jpg 1673,7,1852,178,1 1299,227,1388,314,0 265,291,358,365,0
images/476bb7eb-road_signs_test_out00121.jpg 300,104,382,184,0 187,332,213,363,0 818,335,834,354,0 904,373,916,385,0 886,328,911,353,1
images/476bb7eb-road_signs_test_out00122.jpg 300,104,382,184,0 187,332,213,363,0 818,335,834,354,0 904,373,916,385,0 886,328,911,353,1
images/476bb7eb-road_signs_test_out00123.jpg 300,104,382,184,0 187,332,213,363,0 818,335,834,354,0 904,373,916,385,0 886,328,911,353,1
images/48ad958a-document_5280547541790762168_out00101.jpg 741,295,772,325,0 340,318,370,349,0 249,343,268,365,0 735,258,776,294,1
images/48ad958a-document_5280547541790762168_out00102.jpg 741,295,772,325,0 340,318,370,349,0 249,343,268,365,0 735,258,776,294,1
images/48ad958a-document_5280547541790762168_out00103.jpg 741,295,772,325,0 340,318,370,349,0 249,343,268,365,0 735,258,776,294,1
images/4bd2c51a-document_5280547541790762168_out00391.jpg 367,119,421,255,0 147,291,176,318,0 540,164,575,208,0 613,249,651,296,0
images/4bd2c51a-document_5280547541790762168_out00392.jpg 367,119,421,255,0 147,291,176,318,0 540,164,575,208,0 613,249,651,296,0
images/4bd2c51a-document_5280547541790762168_out00393.jpg 367,119,421,255,0 147,291,176,318,0 540,164,575,208,0 613,249,651,296,0
images/4f197188-VID_20230108_092856_out00061.jpg 1141,394,1192,445,1
images/4f197188-VID_20230108_092856_out00062.jpg 1141,394,1192,445,1
images/4f197188-VID_20230108_092856_out00063.jpg 1141,394,1192,445,1
images/4ffd1503-VID_20230108_092856_out00181.jpg 1141,394,1192,445,1
images/4ffd1503-VID_20230108_092856_out00182.jpg 1141,394,1192,445,1
images/4ffd1503-VID_20230108_092856_out00183.jpg 1141,394,1192,445,1
images/5285a5a5-VID_20230108_092941_out00401.jpg 1324,373,1406,449,1
images/5285a5a5-VID_20230108_092941_out00402.jpg 1324,373,1406,449,1
images/5285a5a5-VID_20230108_092941_out00403.jpg 1324,373,1406,449,1
images/53be2a20-VID_20230108_092856_out00241.jpg 687,419,721,451,0 1095,408,1123,438,0 1124,398,1158,434,1 1187,343,1244,402,1
images/53be2a20-VID_20230108_092856_out00242.jpg 687,419,721,451,0 1095,408,1123,438,0 1124,398,1158,434,1 1187,343,1244,402,1
images/53be2a20-VID_20230108_092856_out00243.jpg 687,419,721,451,0 1095,408,1123,438,0 1124,398,1158,434,1 1187,343,1244,402,1
images/54c88ee9-VID_20230108_092941_out00141.jpg 1347,249,1440,334,1
images/54c88ee9-VID_20230108_092941_out00142.jpg 1347,249,1440,334,1
images/54c88ee9-VID_20230108_092941_out00143.jpg 1347,249,1440,334,1
images/564b57aa-VID_20230108_092856_out00251.jpg 1267,244,1371,337,1 1158,335,1203,390,1 1112,351,1153,396,0 639,373,679,411,0
images/564b57aa-VID_20230108_092856_out00252.jpg 1267,244,1371,337,1 1158,335,1203,390,1 1112,351,1153,396,0 639,373,679,411,0
images/564b57aa-VID_20230108_092856_out00253.jpg 1267,244,1371,337,1 1158,335,1203,390,1 1112,351,1153,396,0 639,373,679,411,0
images/56ded77f-road_signs_test_out00071.jpg 263,377,274,393,0 320,392,335,408,0 457,309,476,325,0 602,337,621,356,0 730,281,750,302,0 879,352,903,374,0 817,371,825,379,0 840,374,852,384,1 876,304,902,329,1 1217,368,1245,390,0
images/56ded77f-road_signs_test_out00072.jpg 263,377,274,393,0 320,392,335,408,0 457,309,476,325,0 602,337,621,356,0 730,281,750,302,0 879,352,903,374,0 817,371,825,379,0 840,374,852,384,1 876,304,902,329,1 1217,368,1245,390,0
images/56ded77f-road_signs_test_out00073.jpg 263,377,274,393,0 320,392,335,408,0 457,309,476,325,0 602,337,621,356,0 730,281,750,302,0 879,352,903,374,0 817,371,825,379,0 840,374,852,384,1 876,304,902,329,1 1217,368,1245,390,0
images/57abcf91-VID_20230108_092941_out00481.jpg 1141,394,1192,445,1
images/57abcf91-VID_20230108_092941_out00482.jpg 1141,394,1192,445,1
images/57abcf91-VID_20230108_092941_out00483.jpg 1141,394,1192,445,1
images/586f495e-VID_20230108_092856_out00021.jpg 477,194,528,243,0 1162,202,1219,266,0 1316,103,1426,215,1
images/586f495e-VID_20230108_092856_out00022.jpg 477,194,528,243,0 1162,202,1219,266,0 1316,103,1426,215,1
images/586f495e-VID_20230108_092856_out00023.jpg 477,194,528,243,0 1162,202,1219,266,0 1316,103,1426,215,1
images/59c03fa6-document_5280547541790762168_out00421.jpg 69,1,225,193,0 515,145,574,203,0 603,251,653,300,0
images/59c03fa6-document_5280547541790762168_out00422.jpg 69,1,225,193,0 515,145,574,203,0 603,251,653,300,0
images/59c03fa6-document_5280547541790762168_out00423.jpg 69,1,225,193,0 515,145,574,203,0 603,251,653,300,0
images/5a429faa-road_signs_test_out00101.jpg 1075,270,1125,314,0 754,120,799,164,0 491,251,532,290,0 248,217,279,246,0 1,371,23,396,0 362,361,377,382,0 519,284,549,314,0 1062,165,1124,223,1 855,353,873,370,1 812,354,823,366,0 882,385,894,396,0
images/5a429faa-road_signs_test_out00102.jpg 1075,270,1125,314,0 754,120,799,164,0 491,251,532,290,0 248,217,279,246,0 1,371,23,396,0 362,361,377,382,0 519,284,549,314,0 1062,165,1124,223,1 855,353,873,370,1 812,354,823,366,0 882,385,894,396,0
images/5a429faa-road_signs_test_out00103.jpg 1075,270,1125,314,0 754,120,799,164,0 491,251,532,290,0 248,217,279,246,0 1,371,23,396,0 362,361,377,382,0 519,284,549,314,0 1062,165,1124,223,1 855,353,873,370,1 812,354,823,366,0 882,385,894,396,0
images/5ba41e40-VID_20230108_092941_out00341.jpg 1141,394,1192,445,1
images/5ba41e40-VID_20230108_092941_out00342.jpg 1141,394,1192,445,1
images/5ba41e40-VID_20230108_092941_out00343.jpg 1141,394,1192,445,1
images/5c509091-document_5280547541790762168_out00291.jpg 58,0,122,52,0 386,260,466,352,0
images/5c509091-document_5280547541790762168_out00292.jpg 58,0,122,52,0 386,260,466,352,0
images/5c509091-document_5280547541790762168_out00293.jpg 58,0,122,52,0 386,260,466,352,0
images/5cf1d13e-document_5280547541790762168_out00131.jpg 666,339,705,377,0 511,221,540,248,0 236,370,265,395,0 666,302,705,335,1
images/5cf1d13e-document_5280547541790762168_out00132.jpg 666,339,705,377,0 511,221,540,248,0 236,370,265,395,0 666,302,705,335,1
images/5cf1d13e-document_5280547541790762168_out00133.jpg 666,339,705,377,0 511,221,540,248,0 236,370,265,395,0 666,302,705,335,1
images/5d1a11f9-VID_20230108_092856_out00171.jpg 1141,394,1192,445,1
images/5d1a11f9-VID_20230108_092856_out00172.jpg 1141,394,1192,445,1
images/5d1a11f9-VID_20230108_092856_out00173.jpg 1141,394,1192,445,1
images/609db42d-VID_20230108_092941_out00321.jpg 1141,394,1192,445,1
images/609db42d-VID_20230108_092941_out00322.jpg 1141,394,1192,445,1
images/609db42d-VID_20230108_092941_out00323.jpg 1141,394,1192,445,1
images/60b08a80-VID_20230108_092941_out00111.jpg 1391,192,1486,279,1 1190,364,1239,405,1
images/60b08a80-VID_20230108_092941_out00112.jpg 1391,192,1486,279,1 1190,364,1239,405,1
images/60b08a80-VID_20230108_092941_out00113.jpg 1391,192,1486,279,1 1190,364,1239,405,1
images/6392a8b7-document_5280547541790762168_out00251.jpg 558,296,602,348,0 445,352,475,376,0 67,194,102,235,0 0,333,31,373,0 553,232,608,285,1 768,326,795,356,0
images/6392a8b7-document_5280547541790762168_out00252.jpg 558,296,602,348,0 445,352,475,376,0 67,194,102,235,0 0,333,31,373,0 553,232,608,285,1 768,326,795,356,0
images/6392a8b7-document_5280547541790762168_out00253.jpg 558,296,602,348,0 445,352,475,376,0 67,194,102,235,0 0,333,31,373,0 553,232,608,285,1 768,326,795,356,0
images/63a0ce52-VID_20230108_092941_out00371.jpg 1168,257,1219,312,1
images/63a0ce52-VID_20230108_092941_out00372.jpg 1168,257,1219,312,1
images/63a0ce52-VID_20230108_092941_out00373.jpg 1168,257,1219,312,1
images/6488db25-VID_20230108_092941_out00251.jpg 1141,394,1192,445,1
images/6488db25-VID_20230108_092941_out00252.jpg 1141,394,1192,445,1
images/6488db25-VID_20230108_092941_out00253.jpg 1141,394,1192,445,1
images/688ca9bc-document_5280547541790762168_out00161.jpg 547,310,577,336,0 362,162,393,191,0 533,258,578,302,1
images/688ca9bc-document_5280547541790762168_out00162.jpg 547,310,577,336,0 362,162,393,191,0 533,258,578,302,1
images/688ca9bc-document_5280547541790762168_out00163.jpg 547,310,577,336,0 362,162,393,191,0 533,258,578,302,1
images/68dcf62c-VID_20230108_092941_out00281.jpg 853,454,925,530,0
images/68dcf62c-VID_20230108_092941_out00282.jpg 853,454,925,530,0
images/68dcf62c-VID_20230108_092941_out00283.jpg 853,454,925,530,0
images/695a185e-document_5280547541790762168_out00191.jpg 538,290,576,324,0 335,120,373,155,0 531,237,580,278,1 30,314,64,345,0
images/695a185e-document_5280547541790762168_out00192.jpg 538,290,576,324,0 335,120,373,155,0 531,237,580,278,1 30,314,64,345,0
images/695a185e-document_5280547541790762168_out00193.jpg 538,290,576,324,0 335,120,373,155,0 531,237,580,278,1 30,314,64,345,0
images/6acb8f8e-VID_20230108_092856_out00071.jpg 1141,394,1192,445,1
images/6acb8f8e-VID_20230108_092856_out00072.jpg 1141,394,1192,445,1
images/6acb8f8e-VID_20230108_092856_out00073.jpg 1141,394,1192,445,1
images/6b4a08f2-91d8c7e5-81.jpg 406,148,502,238,2 189,371,197,378,0 332,358,340,366,0
images/6b4a08f2-91d8c7e5-82.jpg 406,148,502,238,2 189,371,197,378,0 332,358,340,366,0
images/6b4a08f2-91d8c7e5-83.jpg 406,148,502,238,2 189,371,197,378,0 332,358,340,366,0
images/6b8cf514-VID_20230108_092941_out00411.jpg 1343,307,1430,385,1
images/6b8cf514-VID_20230108_092941_out00412.jpg 1343,307,1430,385,1
images/6b8cf514-VID_20230108_092941_out00413.jpg 1343,307,1430,385,1
images/6c87e0a8-VID_20230108_092941_out00221.jpg 1397,351,1480,417,1
images/6c87e0a8-VID_20230108_092941_out00222.jpg 1397,351,1480,417,1
images/6c87e0a8-VID_20230108_092941_out00223.jpg 1397,351,1480,417,1
images/6d3f0c7d-document_5280547541790762168_out00531.jpg 318,27,413,124,0
images/6d3f0c7d-document_5280547541790762168_out00532.jpg 318,27,413,124,0
images/6d3f0c7d-document_5280547541790762168_out00533.jpg 318,27,413,124,0
images/6f54c58b-VID_20230108_092941_out00171.jpg 1141,394,1192,445,1
images/6f54c58b-VID_20230108_092941_out00172.jpg 1141,394,1192,445,1
images/6f54c58b-VID_20230108_092941_out00173.jpg 1141,394,1192,445,1
images/6ff5ac78-VID_20230108_092941_out00511.jpg 1141,394,1192,445,1
images/6ff5ac78-VID_20230108_092941_out00512.jpg 1141,394,1192,445,1
images/6ff5ac78-VID_20230108_092941_out00513.jpg 1141,394,1192,445,1
images/705d6325-VID_20230108_092941_out00381.jpg 1231,311,1293,368,1
images/705d6325-VID_20230108_092941_out00382.jpg 1231,311,1293,368,1
images/705d6325-VID_20230108_092941_out00383.jpg 1231,311,1293,368,1
images/70cf9648-4437fbda-51.jpg 486,172,585,290,2 427,291,441,310,0 670,274,695,300,0
images/70cf9648-4437fbda-52.jpg 486,172,585,290,2 427,291,441,310,0 670,274,695,300,0
images/70cf9648-4437fbda-53.jpg 486,172,585,290,2 427,291,441,310,0 670,274,695,300,0
images/72478baf-document_5280547541790762168_out00341.jpg 120,199,196,294,0 69,353,90,386,0 267,353,291,378,0 403,262,424,283,0 612,255,634,281,0 667,326,697,356,0 100,31,234,169,1
images/72478baf-document_5280547541790762168_out00342.jpg 120,199,196,294,0 69,353,90,386,0 267,353,291,378,0 403,262,424,283,0 612,255,634,281,0 667,326,697,356,0 100,31,234,169,1
images/72478baf-document_5280547541790762168_out00343.jpg 120,199,196,294,0 69,353,90,386,0 267,353,291,378,0 403,262,424,283,0 612,255,634,281,0 667,326,697,356,0 100,31,234,169,1
images/73bd6546-document_5280547541790762168_out00261.jpg 545,335,599,387,0 540,255,607,326,1 282,118,330,163,0 450,399,470,416,0 778,370,802,397,0
images/73bd6546-document_5280547541790762168_out00262.jpg 545,335,599,387,0 540,255,607,326,1 282,118,330,163,0 450,399,470,416,0 778,370,802,397,0
images/73bd6546-document_5280547541790762168_out00263.jpg 545,335,599,387,0 540,255,607,326,1 282,118,330,163,0 450,399,470,416,0 778,370,802,397,0
images/7461653b-road_signs_test_out00081.jpg 203,375,216,392,0 264,391,280,409,0 424,292,445,310,0 474,380,482,396,0 591,324,614,348,0 929,340,959,365,0 828,369,838,378,0 858,371,871,383,1 926,282,957,309,1 746,252,773,279,0 604,335,623,358,0
images/7461653b-road_signs_test_out00082.jpg 203,375,216,392,0 264,391,280,409,0 424,292,445,310,0 474,380,482,396,0 591,324,614,348,0 929,340,959,365,0 828,369,838,378,0 858,371,871,383,1 926,282,957,309,1 746,252,773,279,0 604,335,623,358,0
images/7461653b-road_signs_test_out00083.jpg 203,375,216,392,0 264,391,280,409,0 424,292,445,310,0 474,380,482,396,0 591,324,614,348,0 929,340,959,365,0 828,369,838,378,0 858,371,871,383,1 926,282,957,309,1 746,252,773,279,0 604,335,623,358,0
images/76f4d2fb-road_signs_test_out00021.jpg 669,375,683,388,1
images/76f4d2fb-road_signs_test_out00022.jpg 669,375,683,388,1
images/76f4d2fb-road_signs_test_out00023.jpg 669,375,683,388,1
images/78a69594-document_5280547541790762168_out00281.jpg 142,40,206,113,0 450,302,512,366,0 380,376,402,396,0 235,381,255,405,0 722,344,756,374,0 445,214,509,294,1
images/78a69594-document_5280547541790762168_out00282.jpg 142,40,206,113,0 450,302,512,366,0 380,376,402,396,0 235,381,255,405,0 722,344,756,374,0 445,214,509,294,1
images/78a69594-document_5280547541790762168_out00283.jpg 142,40,206,113,0 450,302,512,366,0 380,376,402,396,0 235,381,255,405,0 722,344,756,374,0 445,214,509,294,1
images/7a2a2a60-VID_20230108_092856_out00221.jpg 1087,417,1134,457,1
images/7a2a2a60-VID_20230108_092856_out00222.jpg 1087,417,1134,457,1
images/7a2a2a60-VID_20230108_092856_out00223.jpg 1087,417,1134,457,1
images/7a318e6d-road_signs_test_out00241.jpg 1141,394,1192,445,1
images/7a318e6d-road_signs_test_out00242.jpg 1141,394,1192,445,1
images/7a318e6d-road_signs_test_out00243.jpg 1141,394,1192,445,1
images/7ff29689-VID_20230108_092856_out00151.jpg 1141,394,1192,445,1
images/7ff29689-VID_20230108_092856_out00152.jpg 1141,394,1192,445,1
images/7ff29689-VID_20230108_092856_out00153.jpg 1141,394,1192,445,1
images/8042c9d5-document_5280547541790762168_out00221.jpg 69,323,104,357,0 365,109,401,142,0 584,279,634,326,0 594,231,633,266,1 759,301,781,326,0
images/8042c9d5-document_5280547541790762168_out00222.jpg 69,323,104,357,0 365,109,401,142,0 584,279,634,326,0 594,231,633,266,1 759,301,781,326,0
images/8042c9d5-document_5280547541790762168_out00223.jpg 69,323,104,357,0 365,109,401,142,0 584,279,634,326,0 594,231,633,266,1 759,301,781,326,0
images/82e31f02-road_signs_test_out00061.jpg 1137,373,1159,390,0 845,360,864,379,0 857,394,866,402,0 805,370,814,379,0 717,299,736,317,0 843,319,863,338,1 608,347,625,364,0 481,321,497,333,0 307,382,316,396,0 360,395,373,409,0
images/82e31f02-road_signs_test_out00062.jpg 1137,373,1159,390,0 845,360,864,379,0 857,394,866,402,0 805,370,814,379,0 717,299,736,317,0 843,319,863,338,1 608,347,625,364,0 481,321,497,333,0 307,382,316,396,0 360,395,373,409,0
images/82e31f02-road_signs_test_out00063.jpg 1137,373,1159,390,0 845,360,864,379,0 857,394,866,402,0 805,370,814,379,0 717,299,736,317,0 843,319,863,338,1 608,347,625,364,0 481,321,497,333,0 307,382,316,396,0 360,395,373,409,0
images/830f1c8a-road_signs_test_out00301.jpg 1141,394,1192,445,1
images/830f1c8a-road_signs_test_out00302.jpg 1141,394,1192,445,1
images/830f1c8a-road_signs_test_out00303.jpg 1141,394,1192,445,1
images/846e8c2a-road_signs_test_out00231.jpg 1141,394,1192,445,1
images/846e8c2a-road_signs_test_out00232.jpg 1141,394,1192,445,1
images/846e8c2a-road_signs_test_out00233.jpg 1141,394,1192,445,1
images/86033180-road_signs_test_out00271.jpg 1164,260,1190,296,0
images/86033180-road_signs_test_out00272.jpg 1164,260,1190,296,0
images/86033180-road_signs_test_out00273.jpg 1164,260,1190,296,0
images/860d2760-47a60235-scale_12001.jpg 868,261,962,350,3
images/860d2760-47a60235-scale_12002.jpg 868,261,962,350,3
images/860d2760-47a60235-scale_12003.jpg 868,261,962,350,3
images/87bcffad-document_5280547541790762168_out00181.jpg 514,287,557,327,0 510,239,562,279,1 319,133,360,166,0 10,316,41,340,0
images/87bcffad-document_5280547541790762168_out00182.jpg 514,287,557,327,0 510,239,562,279,1 319,133,360,166,0 10,316,41,340,0
images/87bcffad-document_5280547541790762168_out00183.jpg 514,287,557,327,0 510,239,562,279,1 319,133,360,166,0 10,316,41,340,0
images/88cc9555-road_signs_test_out00111.jpg 94,128,139,168,0 399,146,461,210,0 455,217,502,261,0 295,334,312,364,0 895,377,908,390,0 817,343,830,355,0 872,339,890,358,1
images/88cc9555-road_signs_test_out00112.jpg 94,128,139,168,0 399,146,461,210,0 455,217,502,261,0 295,334,312,364,0 895,377,908,390,0 817,343,830,355,0 872,339,890,358,1
images/88cc9555-road_signs_test_out00113.jpg 94,128,139,168,0 399,146,461,210,0 455,217,502,261,0 295,334,312,364,0 895,377,908,390,0 817,343,830,355,0 872,339,890,358,1
images/898ebe6f-VID_20230108_092941_out00031.jpg 1141,394,1192,445,1
images/898ebe6f-VID_20230108_092941_out00032.jpg 1141,394,1192,445,1
images/898ebe6f-VID_20230108_092941_out00033.jpg 1141,394,1192,445,1
images/8a5bcfce-VID_20230108_092941_out00441.jpg 1664,141,1852,318,1
images/8a5bcfce-VID_20230108_092941_out00442.jpg 1664,141,1852,318,1
images/8a5bcfce-VID_20230108_092941_out00443.jpg 1664,141,1852,318,1
images/8d082666-document_5280547541790762168_out00501.jpg 1104,184,1153,287,0 402,170,485,251,0 255,1,324,65,0
images/8d082666-document_5280547541790762168_out00502.jpg 1104,184,1153,287,0 402,170,485,251,0 255,1,324,65,0
images/8d082666-document_5280547541790762168_out00503.jpg 1104,184,1153,287,0 402,170,485,251,0 255,1,324,65,0
images/8d1dca44-document_5280547541790762168_out00491.jpg 427,198,498,275,0 299,43,358,96,0
images/8d1dca44-document_5280547541790762168_out00492.jpg 427,198,498,275,0 299,43,358,96,0
images/8d1dca44-document_5280547541790762168_out00493.jpg 427,198,498,275,0 299,43,358,96,0
images/90cb59da-VID_20230108_092856_out00201.jpg 1141,394,1192,445,1
images/90cb59da-VID_20230108_092856_out00202.jpg 1141,394,1192,445,1
images/90cb59da-VID_20230108_092856_out00203.jpg 1141,394,1192,445,1
images/90dcd760-VID_20230108_092856_out00191.jpg 1141,394,1192,445,1
images/90dcd760-VID_20230108_092856_out00192.jpg 1141,394,1192,445,1
images/90dcd760-VID_20230108_092856_out00193.jpg 1141,394,1192,445,1
images/9480a4c9-VID_20230108_092941_out00431.jpg 1437,354,1562,468,1 1423,463,1432,466,1
images/9480a4c9-VID_20230108_092941_out00432.jpg 1437,354,1562,468,1 1423,463,1432,466,1
images/9480a4c9-VID_20230108_092941_out00433.jpg 1437,354,1562,468,1 1423,463,1432,466,1
images/95606088-VID_20230108_092941_out00021.jpg 1141,394,1192,445,1
images/95606088-VID_20230108_092941_out00022.jpg 1141,394,1192,445,1
images/95606088-VID_20230108_092941_out00023.jpg 1141,394,1192,445,1
images/95ff70c6-document_5280547541790762168_out00011.jpg 801,293,827,317,0 799,264,830,288,1 444,298,470,324,0 491,226,512,252,0 626,305,645,326,0 353,316,375,341,0
images/95ff70c6-document_5280547541790762168_out00012.jpg 801,293,827,317,0 799,264,830,288,1 444,298,470,324,0 491,226,512,252,0 626,305,645,326,0 353,316,375,341,0
images/95ff70c6-document_5280547541790762168_out00013.jpg 801,293,827,317,0 799,264,830,288,1 444,298,470,324,0 491,226,512,252,0 626,305,645,326,0 353,316,375,341,0
images/96bb2ee1-VID_20230108_092941_out00571.jpg 528,261,590,316,0 1253,261,1306,308,0
images/96bb2ee1-VID_20230108_092941_out00572.jpg 528,261,590,316,0 1253,261,1306,308,0
images/96bb2ee1-VID_20230108_092941_out00573.jpg 528,261,590,316,0 1253,261,1306,308,0
images/977a9e62-VID_20230108_092856_out00131.jpg 1219,309,1302,392,1
images/977a9e62-VID_20230108_092856_out00132.jpg 1219,309,1302,392,1
images/977a9e62-VID_20230108_092856_out00133.jpg 1219,309,1302,392,1
images/9c96e124-document_5280547541790762168_out00371.jpg 183,334,218,367,0 333,234,363,263,0 558,225,594,261,0 622,298,660,341,0
images/9c96e124-document_5280547541790762168_out00372.jpg 183,334,218,367,0 333,234,363,263,0 558,225,594,261,0 622,298,660,341,0
images/9c96e124-document_5280547541790762168_out00373.jpg 183,334,218,367,0 333,234,363,263,0 558,225,594,261,0 622,298,660,341,0
images/9e1b3b66-VID_20230108_092941_out00191.jpg 1141,394,1192,445,1
images/9e1b3b66-VID_20230108_092941_out00192.jpg 1141,394,1192,445,1
images/9e1b3b66-VID_20230108_092941_out00193.jpg 1141,394,1192,445,1
images/a126a1ba-VID_20230108_092856_out00141.jpg 1349,227,1486,339,1
images/a126a1ba-VID_20230108_092856_out00142.jpg 1349,227,1486,339,1
images/a126a1ba-VID_20230108_092856_out00143.jpg 1349,227,1486,339,1
images/a172cd5e-VID_20230108_092941_out00271.jpg 1204,463,1263,518,0
images/a172cd5e-VID_20230108_092941_out00272.jpg 1204,463,1263,518,0
images/a172cd5e-VID_20230108_092941_out00273.jpg 1204,463,1263,518,0
images/a2216b74-3588ea35-51.jpg 153,209,209,296,0 275,139,398,257,0 599,305,626,328,0
images/a2216b74-3588ea35-52.jpg 153,209,209,296,0 275,139,398,257,0 599,305,626,328,0
images/a2216b74-3588ea35-53.jpg 153,209,209,296,0 275,139,398,257,0 599,305,626,328,0
images/a24e9018-VID_20230108_092856_out00161.jpg 1141,394,1192,445,1
images/a24e9018-VID_20230108_092856_out00162.jpg 1141,394,1192,445,1
images/a24e9018-VID_20230108_092856_out00163.jpg 1141,394,1192,445,1
images/a33627da-document_5280547541790762168_out00381.jpg 165,324,196,354,0 320,216,350,247,0 549,207,584,247,0 619,292,653,331,0
images/a33627da-document_5280547541790762168_out00382.jpg 165,324,196,354,0 320,216,350,247,0 549,207,584,247,0 619,292,653,331,0
images/a33627da-document_5280547541790762168_out00383.jpg 165,324,196,354,0 320,216,350,247,0 549,207,584,247,0 619,292,653,331,0
images/a5e8cd4d-VID_20230108_092941_out00231.jpg 1532,269,1633,362,1
images/a5e8cd4d-VID_20230108_092941_out00232.jpg 1532,269,1633,362,1
images/a5e8cd4d-VID_20230108_092941_out00233.jpg 1532,269,1633,362,1
images/a6a26040-f88d553d-sign601.jpg 461,186,490,214,3
images/a6a26040-f88d553d-sign602.jpg 461,186,490,214,3
images/a6a26040-f88d553d-sign603.jpg 461,186,490,214,3
images/a6fb8c7f-document_5280547541790762168_out00271.jpg 194,80,249,132,0 493,315,546,372,0 403,384,430,404,0 267,390,287,415,0 484,237,550,305,1 739,344,770,378,0
images/a6fb8c7f-document_5280547541790762168_out00272.jpg 194,80,249,132,0 493,315,546,372,0 403,384,430,404,0 267,390,287,415,0 484,237,550,305,1 739,344,770,378,0
images/a6fb8c7f-document_5280547541790762168_out00273.jpg 194,80,249,132,0 493,315,546,372,0 403,384,430,404,0 267,390,287,415,0 484,237,550,305,1 739,344,770,378,0
images/a86b14b3-document_5280547541790762168_out00061.jpg 755,295,791,326,0 755,260,799,291,1 790,254,814,281,0 582,307,608,329,0 435,232,459,248,0 391,304,417,330,0 302,323,318,348,0
images/a86b14b3-document_5280547541790762168_out00062.jpg 755,295,791,326,0 755,260,799,291,1 790,254,814,281,0 582,307,608,329,0 435,232,459,248,0 391,304,417,330,0 302,323,318,348,0
images/a86b14b3-document_5280547541790762168_out00063.jpg 755,295,791,326,0 755,260,799,291,1 790,254,814,281,0 582,307,608,329,0 435,232,459,248,0 391,304,417,330,0 302,323,318,348,0
images/a94ec1cb-document_5280547541790762168_out00441.jpg 652,250,693,295,0 562,134,600,181,0 106,305,136,336,0
images/a94ec1cb-document_5280547541790762168_out00442.jpg 652,250,693,295,0 562,134,600,181,0 106,305,136,336,0
images/a94ec1cb-document_5280547541790762168_out00443.jpg 652,250,693,295,0 562,134,600,181,0 106,305,136,336,0
images/aaa7dd4c-road_signs_test_out00171.jpg 133,342,159,376,0 580,398,605,420,0 619,340,638,361,0 899,325,925,350,0 1031,380,1064,409,0 1105,282,1153,329,1
images/aaa7dd4c-road_signs_test_out00172.jpg 133,342,159,376,0 580,398,605,420,0 619,340,638,361,0 899,325,925,350,0 1031,380,1064,409,0 1105,282,1153,329,1
images/aaa7dd4c-road_signs_test_out00173.jpg 133,342,159,376,0 580,398,605,420,0 619,340,638,361,0 899,325,925,350,0 1031,380,1064,409,0 1105,282,1153,329,1
images/afef076c-VID_20230108_092941_out00541.jpg 1141,394,1192,445,1
images/afef076c-VID_20230108_092941_out00542.jpg 1141,394,1192,445,1
images/afef076c-VID_20230108_092941_out00543.jpg 1141,394,1192,445,1
images/b03689ff-document_5280547541790762168_out00031.jpg 357,312,378,342,0 444,297,474,326,0 492,225,513,250,0 627,306,648,323,0 797,291,836,320,0 795,258,831,287,1
images/b03689ff-document_5280547541790762168_out00032.jpg 357,312,378,342,0 444,297,474,326,0 492,225,513,250,0 627,306,648,323,0 797,291,836,320,0 795,258,831,287,1
images/b03689ff-document_5280547541790762168_out00033.jpg 357,312,378,342,0 444,297,474,326,0 492,225,513,250,0 627,306,648,323,0 797,291,836,320,0 795,258,831,287,1
images/b10c5949-VID_20230108_092941_out00161.jpg 1141,394,1192,445,1
images/b10c5949-VID_20230108_092941_out00162.jpg 1141,394,1192,445,1
images/b10c5949-VID_20230108_092941_out00163.jpg 1141,394,1192,445,1
images/b2ddbf5d-VID_20230108_092941_out00091.jpg 1519,188,1690,334,1 1208,370,1257,415,1
images/b2ddbf5d-VID_20230108_092941_out00092.jpg 1519,188,1690,334,1 1208,370,1257,415,1
images/b2ddbf5d-VID_20230108_092941_out00093.jpg 1519,188,1690,334,1 1208,370,1257,415,1
images/b305351f-road_signs_test_out00041.jpg 717,339,747,366,1
images/b305351f-road_signs_test_out00042.jpg 717,339,747,366,1
images/b305351f-road_signs_test_out00043.jpg 717,339,747,366,1
images/b341350d-96c4cbce-1969561.jpg 1269,101,1387,223,1 694,183,749,233,1 560,191,599,233,1 488,216,514,238,1 453,230,471,249,1 419,226,442,251,1 396,235,413,252,1
images/b341350d-96c4cbce-1969562.jpg 1269,101,1387,223,1 694,183,749,233,1 560,191,599,233,1 488,216,514,238,1 453,230,471,249,1 419,226,442,251,1 396,235,413,252,1
images/b341350d-96c4cbce-1969563.jpg 1269,101,1387,223,1 694,183,749,233,1 560,191,599,233,1 488,216,514,238,1 453,230,471,249,1 419,226,442,251,1 396,235,413,252,1
images/b4969edf-document_5280547541790762168_out00401.jpg 612,259,651,298,0 536,169,572,202,0 306,85,388,256,0 127,293,170,329,0
images/b4969edf-document_5280547541790762168_out00402.jpg 612,259,651,298,0 536,169,572,202,0 306,85,388,256,0 127,293,170,329,0
images/b4969edf-document_5280547541790762168_out00403.jpg 612,259,651,298,0 536,169,572,202,0 306,85,388,256,0 127,293,170,329,0
images/b5033a61-road_signs_test_out00281.jpg 1141,394,1192,445,1
images/b5033a61-road_signs_test_out00282.jpg 1141,394,1192,445,1
images/b5033a61-road_signs_test_out00283.jpg 1141,394,1192,445,1
images/b60b555c-document_5280547541790762168_out00111.jpg 727,306,762,342,0 725,269,768,308,1
images/b60b555c-document_5280547541790762168_out00112.jpg 727,306,762,342,0 725,269,768,308,1
images/b60b555c-document_5280547541790762168_out00113.jpg 727,306,762,342,0 725,269,768,308,1
images/b697dae2-VID_20230108_092856_out00301.jpg 1141,394,1192,445,1
images/b697dae2-VID_20230108_092856_out00302.jpg 1141,394,1192,445,1
images/b697dae2-VID_20230108_092856_out00303.jpg 1141,394,1192,445,1
images/b717b816-VID_20230108_092856_out00231.jpg 1126,368,1177,417,1 1089,408,1119,436,1
images/b717b816-VID_20230108_092856_out00232.jpg 1126,368,1177,417,1 1089,408,1119,436,1
images/b717b816-VID_20230108_092856_out00233.jpg 1126,368,1177,417,1 1089,408,1119,436,1
images/b7375454-road_signs_test_out00031.jpg 686,366,704,382,1
images/b7375454-road_signs_test_out00032.jpg 686,366,704,382,1
images/b7375454-road_signs_test_out00033.jpg 686,366,704,382,1
images/b8d74805-0601be34-a58fcdes-9601.jpg 511,125,566,173,0 425,209,445,233,0 379,220,399,243,0 225,137,258,168,0 215,47,263,98,1 125,221,138,238,0
images/b8d74805-0601be34-a58fcdes-9602.jpg 511,125,566,173,0 425,209,445,233,0 379,220,399,243,0 225,137,258,168,0 215,47,263,98,1 125,221,138,238,0
images/b8d74805-0601be34-a58fcdes-9603.jpg 511,125,566,173,0 425,209,445,233,0 379,220,399,243,0 225,137,258,168,0 215,47,263,98,1 125,221,138,238,0
images/b8f0ec55-document_5280547541790762168_out00461.jpg 66,356,95,387,0 259,207,288,236,0 552,148,600,201,0 656,273,710,326,0
images/b8f0ec55-document_5280547541790762168_out00462.jpg 66,356,95,387,0 259,207,288,236,0 552,148,600,201,0 656,273,710,326,0
images/b8f0ec55-document_5280547541790762168_out00463.jpg 66,356,95,387,0 259,207,288,236,0 552,148,600,201,0 656,273,710,326,0
images/b9f2ad58-VID_20230108_092941_out00471.jpg 1141,394,1192,445,1
images/b9f2ad58-VID_20230108_092941_out00472.jpg 1141,394,1192,445,1
images/b9f2ad58-VID_20230108_092941_out00473.jpg 1141,394,1192,445,1
images/bc7a80d5-VID_20230108_092856_out00041.jpg 1439,179,1572,324,0 78,198,184,297,0
images/bc7a80d5-VID_20230108_092856_out00042.jpg 1439,179,1572,324,0 78,198,184,297,0
images/bc7a80d5-VID_20230108_092856_out00043.jpg 1439,179,1572,324,0 78,198,184,297,0
images/bed22824-road_signs_test_out00161.jpg 185,343,209,378,0 586,390,605,414,0 622,337,639,358,0 881,318,908,347,0 1006,373,1033,398,0 1050,286,1094,327,1
images/bed22824-road_signs_test_out00162.jpg 185,343,209,378,0 586,390,605,414,0 622,337,639,358,0 881,318,908,347,0 1006,373,1033,398,0 1050,286,1094,327,1
images/bed22824-road_signs_test_out00163.jpg 185,343,209,378,0 586,390,605,414,0 622,337,639,358,0 881,318,908,347,0 1006,373,1033,398,0 1050,286,1094,327,1
images/bef6de24-road_signs_test_out00151.jpg 227,346,247,375,0 586,387,598,406,0 615,335,634,355,0 857,318,878,342,0 994,293,1030,327,1 970,370,994,389,0
images/bef6de24-road_signs_test_out00152.jpg 227,346,247,375,0 586,387,598,406,0 615,335,634,355,0 857,318,878,342,0 994,293,1030,327,1 970,370,994,389,0
images/bef6de24-road_signs_test_out00153.jpg 227,346,247,375,0 586,387,598,406,0 615,335,634,355,0 857,318,878,342,0 994,293,1030,327,1 970,370,994,389,0
images/c0e48f0b-495d5c63-81.jpg 892,218,1015,346,0 348,343,377,391,0
images/c0e48f0b-495d5c63-82.jpg 892,218,1015,346,0 348,343,377,391,0
images/c0e48f0b-495d5c63-83.jpg 892,218,1015,346,0 348,343,377,391,0
images/c14bb88d-road_signs_test_out00011.jpg 668,376,682,389,1
images/c14bb88d-road_signs_test_out00012.jpg 668,376,682,389,1
images/c14bb88d-road_signs_test_out00013.jpg 668,376,682,389,1
images/c1dfb504-VID_20230108_092941_out00121.jpg 1647,9,1782,157,1 1236,353,1279,391,1
images/c1dfb504-VID_20230108_092941_out00122.jpg 1647,9,1782,157,1 1236,353,1279,391,1
images/c1dfb504-VID_20230108_092941_out00123.jpg 1647,9,1782,157,1 1236,353,1279,391,1
images/c7ca0e8c-VID_20230108_092856_out00101.jpg 1105,394,1146,437,1
images/c7ca0e8c-VID_20230108_092856_out00102.jpg 1105,394,1146,437,1
images/c7ca0e8c-VID_20230108_092856_out00103.jpg 1105,394,1146,437,1
images/c8661055-VID_20230108_092856_out00081.jpg 1141,394,1192,445,1
images/c8661055-VID_20230108_092856_out00082.jpg 1141,394,1192,445,1
images/c8661055-VID_20230108_092856_out00083.jpg 1141,394,1192,445,1
images/c9ae70ed-document_5280547541790762168_out00471.jpg 194,202,227,237,0 494,142,546,192,0 612,274,662,329,0
images/c9ae70ed-document_5280547541790762168_out00472.jpg 194,202,227,237,0 494,142,546,192,0 612,274,662,329,0
images/c9ae70ed-document_5280547541790762168_out00473.jpg 194,202,227,237,0 494,142,546,192,0 612,274,662,329,0
images/cb80786e-document_5280547541790762168_out00021.jpg 356,318,376,339,0 442,296,468,325,0 486,217,511,251,0 626,301,653,330,0 797,287,832,320,0 795,256,835,289,1
images/cb80786e-document_5280547541790762168_out00022.jpg 356,318,376,339,0 442,296,468,325,0 486,217,511,251,0 626,301,653,330,0 797,287,832,320,0 795,256,835,289,1
images/cb80786e-document_5280547541790762168_out00023.jpg 356,318,376,339,0 442,296,468,325,0 486,217,511,251,0 626,301,653,330,0 797,287,832,320,0 795,256,835,289,1
images/cbe4a40f-road_signs_test_out00251.jpg 1141,394,1192,445,1
images/cbe4a40f-road_signs_test_out00252.jpg 1141,394,1192,445,1
images/cbe4a40f-road_signs_test_out00253.jpg 1141,394,1192,445,1
images/ce21fc63-road_signs_test_out00051.jpg 799,277,853,329,1
images/ce21fc63-road_signs_test_out00052.jpg 799,277,853,329,1
images/ce21fc63-road_signs_test_out00053.jpg 799,277,853,329,1
images/cf14e9f1-document_5280547541790762168_out00411.jpg 208,10,309,224,0 519,148,571,196,0 595,242,645,294,0 103,282,136,321,0
images/cf14e9f1-document_5280547541790762168_out00412.jpg 208,10,309,224,0 519,148,571,196,0 595,242,645,294,0 103,282,136,321,0
images/cf14e9f1-document_5280547541790762168_out00413.jpg 208,10,309,224,0 519,148,571,196,0 595,242,645,294,0 103,282,136,321,0
images/d13d9f2b-document_5280547541790762168_out00171.jpg 528,270,577,303,1 531,312,570,355,0 343,162,381,195,0 36,338,67,362,0 361,349,377,364,0
images/d13d9f2b-document_5280547541790762168_out00172.jpg 528,270,577,303,1 531,312,570,355,0 343,162,381,195,0 36,338,67,362,0 361,349,377,364,0
images/d13d9f2b-document_5280547541790762168_out00173.jpg 528,270,577,303,1 531,312,570,355,0 343,162,381,195,0 36,338,67,362,0 361,349,377,364,0
images/d18304c3-VID_20230108_092941_out00131.jpg 1278,339,1342,396,1
images/d18304c3-VID_20230108_092941_out00132.jpg 1278,339,1342,396,1
images/d18304c3-VID_20230108_092941_out00133.jpg 1278,339,1342,396,1
images/d3e89f95-document_5280547541790762168_out00081.jpg 708,272,746,303,1 709,304,750,334,0 328,326,355,353,0 234,348,261,377,0 538,325,558,346,0
images/d3e89f95-document_5280547541790762168_out00082.jpg 708,272,746,303,1 709,304,750,334,0 328,326,355,353,0 234,348,261,377,0 538,325,558,346,0
images/d3e89f95-document_5280547541790762168_out00083.jpg 708,272,746,303,1 709,304,750,334,0 328,326,355,353,0 234,348,261,377,0 538,325,558,346,0
images/d704d140-document_5280547541790762168_out00481.jpg 530,227,587,285,0 410,82,460,134,0 86,152,124,192,0
images/d704d140-document_5280547541790762168_out00482.jpg 530,227,587,285,0 410,82,460,134,0 86,152,124,192,0
images/d704d140-document_5280547541790762168_out00483.jpg 530,227,587,285,0 410,82,460,134,0 86,152,124,192,0
images/d7463a4d-VID_20230108_092941_out00521.jpg 1141,394,1192,445,1
images/d7463a4d-VID_20230108_092941_out00522.jpg 1141,394,1192,445,1
images/d7463a4d-VID_20230108_092941_out00523.jpg 1141,394,1192,445,1
images/d94c0dad-c0d3166f-sign60_11.jpg 498,170,555,225,3
images/d94c0dad-c0d3166f-sign60_12.jpg 498,170,555,225,3
images/d94c0dad-c0d3166f-sign60_13.jpg 498,170,555,225,3
images/da4c677f-VID_20230108_092941_out00201.jpg 1141,394,1192,445,1
images/da4c677f-VID_20230108_092941_out00202.jpg 1141,394,1192,445,1
images/da4c677f-VID_20230108_092941_out00203.jpg 1141,394,1192,445,1
images/dc8e6f02-document_5280547541790762168_out00541.jpg 250,5,393,80,0
images/dc8e6f02-document_5280547541790762168_out00542.jpg 250,5,393,80,0
images/dc8e6f02-document_5280547541790762168_out00543.jpg 250,5,393,80,0
images/ddba2b41-road_signs_test_out00211.jpg 209,372,231,406,0 307,357,336,388,0 367,268,389,295,0 815,236,848,269,0 1022,328,1060,364,0
images/ddba2b41-road_signs_test_out00212.jpg 209,372,231,406,0 307,357,336,388,0 367,268,389,295,0 815,236,848,269,0 1022,328,1060,364,0
images/ddba2b41-road_signs_test_out00213.jpg 209,372,231,406,0 307,357,336,388,0 367,268,389,295,0 815,236,848,269,0 1022,328,1060,364,0
images/df861337-document_5280547541790762168_out00321.jpg 225,228,319,328,0 652,318,687,362,0 599,254,626,289,0 215,101,335,219,1
images/df861337-document_5280547541790762168_out00322.jpg 225,228,319,328,0 652,318,687,362,0 599,254,626,289,0 215,101,335,219,1
images/df861337-document_5280547541790762168_out00323.jpg 225,228,319,328,0 652,318,687,362,0 599,254,626,289,0 215,101,335,219,1
images/e12c470e-VID_20230108_092941_out00241.jpg 1141,394,1192,445,1
images/e12c470e-VID_20230108_092941_out00242.jpg 1141,394,1192,445,1
images/e12c470e-VID_20230108_092941_out00243.jpg 1141,394,1192,445,1
images/e29f8e15-VID_20230108_092941_out00041.jpg 1145,398,1190,443,0 601,383,648,426,0 1095,427,1129,463,1
images/e29f8e15-VID_20230108_092941_out00042.jpg 1145,398,1190,443,0 601,383,648,426,0 1095,427,1129,463,1
images/e29f8e15-VID_20230108_092941_out00043.jpg 1145,398,1190,443,0 601,383,648,426,0 1095,427,1129,463,1
images/e2f0865d-7a579eeb-IMG_7106_copy1.jpg 620,114,797,289,1 221,276,251,310,0
images/e2f0865d-7a579eeb-IMG_7106_copy2.jpg 620,114,797,289,1 221,276,251,310,0
images/e2f0865d-7a579eeb-IMG_7106_copy3.jpg 620,114,797,289,1 221,276,251,310,0
images/e84c878b-VID_20230108_092941_out00311.jpg 1673,13,1823,171,0
images/e84c878b-VID_20230108_092941_out00312.jpg 1673,13,1823,171,0
images/e84c878b-VID_20230108_092941_out00313.jpg 1673,13,1823,171,0
images/ea026299-document_5280547541790762168_out00351.jpg 0,171,90,279,0 0,1,127,129,1 244,356,269,377,0 380,254,404,283,0 595,248,620,277,0 652,321,686,348,0
images/ea026299-document_5280547541790762168_out00352.jpg 0,171,90,279,0 0,1,127,129,1 244,356,269,377,0 380,254,404,283,0 595,248,620,277,0 652,321,686,348,0
images/ea026299-document_5280547541790762168_out00353.jpg 0,171,90,279,0 0,1,127,129,1 244,356,269,377,0 380,254,404,283,0 595,248,620,277,0 652,321,686,348,0
images/ebb119a8-6c89256a-12458001.jpg 515,122,666,270,1 301,327,319,344,1 258,334,268,343,1 244,338,252,344,1
images/ebb119a8-6c89256a-12458002.jpg 515,122,666,270,1 301,327,319,344,1 258,334,268,343,1 244,338,252,344,1
images/ebb119a8-6c89256a-12458003.jpg 515,122,666,270,1 301,327,319,344,1 258,334,268,343,1 244,338,252,344,1
images/ebb55cca-VID_20230108_092856_out00261.jpg 1488,124,1650,270,1 1204,316,1280,399,1 1147,356,1190,401,0 566,381,606,421,0
images/ebb55cca-VID_20230108_092856_out00262.jpg 1488,124,1650,270,1 1204,316,1280,399,1 1147,356,1190,401,0 566,381,606,421,0
images/ebb55cca-VID_20230108_092856_out00263.jpg 1488,124,1650,270,1 1204,316,1280,399,1 1147,356,1190,401,0 566,381,606,421,0
images/eca289c8-VID_20230108_092856_out00091.jpg 1141,394,1192,445,1
images/eca289c8-VID_20230108_092856_out00092.jpg 1141,394,1192,445,1
images/eca289c8-VID_20230108_092856_out00093.jpg 1141,394,1192,445,1
images/ecda5ec8-document_5280547541790762168_out00521.jpg 347,64,451,164,0
images/ecda5ec8-document_5280547541790762168_out00522.jpg 347,64,451,164,0
images/ecda5ec8-document_5280547541790762168_out00523.jpg 347,64,451,164,0
images/ecfd95eb-13ee83ac-50823695e4c7e07849cefa5339b246041.jpg 474,24,663,202,1
images/ecfd95eb-13ee83ac-50823695e4c7e07849cefa5339b246042.jpg 474,24,663,202,1
images/ecfd95eb-13ee83ac-50823695e4c7e07849cefa5339b246043.jpg 474,24,663,202,1
images/ef5b4afe-VID_20230108_092941_out00101.jpg 1274,270,1346,332,1
images/ef5b4afe-VID_20230108_092941_out00102.jpg 1274,270,1346,332,1
images/ef5b4afe-VID_20230108_092941_out00103.jpg 1274,270,1346,332,1
images/f0c56b9d-VID_20230108_092941_out00491.jpg 1141,394,1192,445,1
images/f0c56b9d-VID_20230108_092941_out00492.jpg 1141,394,1192,445,1
images/f0c56b9d-VID_20230108_092941_out00493.jpg 1141,394,1192,445,1
images/f135c660-document_5280547541790762168_out00361.jpg 201,339,225,369,0 561,230,599,268,0 628,307,661,341,0
images/f135c660-document_5280547541790762168_out00362.jpg 201,339,225,369,0 561,230,599,268,0 628,307,661,341,0
images/f135c660-document_5280547541790762168_out00363.jpg 201,339,225,369,0 561,230,599,268,0 628,307,661,341,0
images/f1404ec1-VID_20230108_092941_out00591.jpg 1353,175,1415,247,0 335,183,403,253,0
images/f1404ec1-VID_20230108_092941_out00592.jpg 1353,175,1415,247,0 335,183,403,253,0
images/f1404ec1-VID_20230108_092941_out00593.jpg 1353,175,1415,247,0 335,183,403,253,0
images/f16b7271-VID_20230108_092941_out00361.jpg 1141,284,1194,333,1
images/f16b7271-VID_20230108_092941_out00362.jpg 1141,284,1194,333,1
images/f16b7271-VID_20230108_092941_out00363.jpg 1141,284,1194,333,1
images/f1b26e14-VID_20230108_092941_out00531.jpg 1141,394,1192,445,1
images/f1b26e14-VID_20230108_092941_out00532.jpg 1141,394,1192,445,1
images/f1b26e14-VID_20230108_092941_out00533.jpg 1141,394,1192,445,1
images/f24eb2d4-VID_20230108_092941_out00351.jpg 1124,314,1177,354,1
images/f24eb2d4-VID_20230108_092941_out00352.jpg 1124,314,1177,354,1
images/f24eb2d4-VID_20230108_092941_out00353.jpg 1124,314,1177,354,1
images/f6c95790-VID_20230108_092941_out00331.jpg 1141,394,1192,445,1
images/f6c95790-VID_20230108_092941_out00332.jpg 1141,394,1192,445,1
images/f6c95790-VID_20230108_092941_out00333.jpg 1141,394,1192,445,1
images/f964cf10-document_5280547541790762168_out00451.jpg 655,250,704,302,0 559,129,604,174,0 274,173,308,206,0 85,312,120,350,0
images/f964cf10-document_5280547541790762168_out00452.jpg 655,250,704,302,0 559,129,604,174,0 274,173,308,206,0 85,312,120,350,0
images/f964cf10-document_5280547541790762168_out00453.jpg 655,250,704,302,0 559,129,604,174,0 274,173,308,206,0 85,312,120,350,0
images/faa05dfc-document_5280547541790762168_out00151.jpg 496,298,531,329,0 491,251,535,294,1 320,155,351,182,0
images/faa05dfc-document_5280547541790762168_out00152.jpg 496,298,531,329,0 491,251,535,294,1 320,155,351,182,0
images/faa05dfc-document_5280547541790762168_out00153.jpg 496,298,531,329,0 491,251,535,294,1 320,155,351,182,0
images/fbf31080-VID_20230108_092856_out00111.jpg 1141,394,1192,445,1
images/fbf31080-VID_20230108_092856_out00112.jpg 1141,394,1192,445,1
images/fbf31080-VID_20230108_092856_out00113.jpg 1141,394,1192,445,1
