images/00a2bf03-VID_20230108_092021_out0005resized.jpg
images/00fcca48-VID_20230108_092737_out0030resized.jpg
images/010094f6-169resized.jpg 368,176,386,192,0 198,174,205,186,1
images/014ce943-7ff29689-VID_20230108_092856_out0015resized.jpg
images/018762a1-4ffd1503-VID_20230108_092856_out0018resized.jpg
images/01e67456-4bd2c51a-document_5280547541790762168_out0039resized.jpg 115,129,138,175,2
images/01fd0626-160.jpg
images/027e617d-18.jpg 224,239,235,249,3 98,243,106,253,2
images/02b02f5b-189resized.jpg 326,160,393,232,4
images/02f62368-139.jpg
images/0359fc26-VID_20230108_092737_out0024resized.jpg
images/03c5be79-13resized.jpg 337,178,351,189,3
images/03f4a30e-VID_20230108_092021_out0049resized.jpg
images/042275cb-19resized.jpg 274,174,283,183,3
images/04294b32-b9f2ad58-VID_20230108_092941_out0047resized.jpg
images/04493359-VID_20230108_092021_out0024resized.jpg 275,169,289,181,5 131,169,145,181,5
images/04b21f43-VID_20230108_092427_out0020resized.jpg
images/04db87e7-115.jpg
images/0529b11e-2b116e42-document_5280547541790762168_out0021resized.jpg 189,105,228,145,6 129,124,147,142,2 229,144,251,169,7
images/05a22676-VID_20230108_092427_out0017resized.jpg
images/05a6cb7f-VID_20230120_185211_out0013resized.jpg 352,97,383,126,8
images/05b06d3b-VID_20230108_092737_out0015resized.jpg 248,157,261,168,2 260,150,274,163,9 260,136,274,147,10 345,91,378,113,11
images/05b09de9-IMG_20230120_185514resized.jpg 348,79,404,135,8
images/05e12c94-VID_20230108_092427_out0035resized.jpg 237,142,255,160,5
images/0605b32b-VID_20230108_092021_out0044resized.jpg
images/06818a4d-VID_20230108_092619_out0024resized.jpg 312,160,335,181,2 26,166,44,182,2
images/06bec1e6-VID_20230108_092427_out0029resized.jpg 300,181,313,193,12
images/07031220-174.jpg 328,172,354,204,3
images/082de770-20resized.jpg 263,162,271,169,8 22,164,31,172,8
images/08d935a2-VID_20230108_092021_out0034resized.jpg 286,146,299,160,5 103,148,118,162,5
images/08e0a42a-VID_20230120_185211_out0024resized.jpg 347,126,375,153,8
images/0915ebb3-VID_20230108_092737_out0060resized.jpg
images/09aa985f-VID_20230120_185211_out0017resized.jpg
images/09b97629-a33627da-document_5280547541790762168_out0038resized.jpg 199,184,214,199,2
images/0a8aad03-VID_20230108_092737_out0028resized.jpg
images/0acd804f-79resized.jpg 346,161,369,184,2 316,117,334,135,2 103,134,118,149,2 72,159,89,175,2
images/0acfa504-108resized.jpg 319,159,334,173,7
images/0b68253b-178.jpg
images/0b75d4f6-VID_20230108_092737_out0003resized.jpg 269,154,289,174,3 237,177,250,188,2 98,173,107,184,2
images/0b83ee6d-VID_20230120_185211_out0038resized.jpg 336,92,375,122,8
images/0bda3d3b-47resized.jpg 372,147,395,165,2 336,113,352,130,2 57,158,70,170,2 85,145,92,156,2
images/0be0e6ad-VID_20230120_185211_out0021resized.jpg
images/0bf91fd2-VID_20230108_092427_out0008resized.jpg
images/0c520d82-4resized.jpg 61,176,76,191,2 90,149,100,160,2
images/0c871d5f-136resized.jpg 26,181,43,199,2 356,148,390,173,2 355,119,387,142,6 321,147,331,165,2 343,196,356,215,2
images/0cc8113c-23resized.jpg 365,165,385,189,1 293,154,303,168,1 23,166,34,177,8
images/0ceff30c-188resized.jpg 159,189,187,221,4
images/0d20a9a6-58resized.jpg 358,160,378,180,2 303,112,319,127,2 353,188,377,196,13 366,121,385,136,6
images/0d21d4ed-a86b14b3-document_5280547541790762168_out0006resized.jpg 246,175,258,188,3 273,167,286,182,6
images/0d38965b-VID_20230108_092719_out0006resized.jpg 261,138,282,154,3
images/0d99811b-104resized.jpg 356,121,376,141,7 279,162,288,171,7
images/0de8fbd7-VID_20230108_092719_out0008resized.jpg
images/0ece43a6-VID_20230108_092427_out0013resized.jpg 313,172,327,184,12
images/0ed1df28-IMG_20230120_185510resized.jpg 311,114,350,153,8
images/0edd7faf-VID_20230108_092021_out0061resized.jpg
images/0f22e0fa-VID_20230108_092619_out0028resized.jpg 276,157,290,169,3 276,173,290,186,10
images/0f418a76-118.jpg
images/0f89a476-188.jpg 236,205,250,216,2
images/0fa32967-7resized.jpg 282,177,293,188,8
images/0fae65f5-c8661055-VID_20230108_092856_out0008resized.jpg 370,131,382,148,1
images/0fb51641-172.jpg 69,235,78,249,1
images/0fc41323-49resized.jpg 323,158,338,173,2 346,180,367,186,13 297,132,313,147,3 269,132,282,143,2 107,134,116,145,2 83,167,96,179,2 132,160,139,167,2 279,173,286,179,2 260,170,268,177,11 259,158,266,163,2
images/109f0d24-b4969edf-document_5280547541790762168_out0040resized.jpg 100,122,122,170,2 196,174,212,187,2 173,145,185,156,2
images/10cf69c2-VID_20230108_092737_out0010resized.jpg 283,173,304,193,3
images/110384e4-5d1a11f9-VID_20230108_092856_out0017resized.jpg
images/11501261-108.jpg
images/1170481b-33resized.jpg 337,180,354,196,2 336,143,354,162,3 302,129,321,146,2 89,153,101,164,2
images/119bf3c6-2d01c424-facdf40a-6resized.jpg 316,102,369,154,2
images/11a6f21b-128.jpg
images/121a9971-185resized.jpg 85,162,114,190,8 247,161,254,168,0
images/12c15b32-73bd6546-document_5280547541790762168_out0026resized.jpg 176,177,194,195,3 178,202,193,218,2 92,128,105,143,2 197,136,227,163,7
images/12f9a7b9-17resized.jpg 102,195,111,204,2 270,179,279,189,2 408,199,415,206,2
images/1312c3ce-70resized.jpg 319,162,337,178,7
images/13740b16-d7463a4d-VID_20230108_092941_out0052resized.jpg 281,126,297,142,10 281,144,297,155,11 282,156,296,171,14
images/1392fe3e-ecda5ec8-document_5280547541790762168_out0052resized.jpg 109,105,149,149,2
images/13e173b9-VID_20230108_092427_out0018resized.jpg
images/1472cbaf-181.jpg
images/1472d3eb-VID_20230108_092619_out0009resized.jpg 371,129,408,161,14 370,93,409,127,11 257,155,270,168,3
images/14b2e84a-d94c0dad-c0d3166f-sign60_1resized.jpg 203,194,230,217,15
images/14c4da53-141resized.jpg 240,173,265,203,16
images/1571f42a-VID_20230108_092719_out0002resized.jpg 239,203,246,211,3 314,149,338,172,17 314,174,336,193,18
images/15767b61-56resized.jpg 50,153,65,165,16
images/157deabe-160resized.jpg 366,131,394,171,3 299,173,317,192,0
images/158bda0f-162resized.jpg 375,118,397,172,1 283,166,295,184,1
images/15ba37e8-103resized.jpg 327,136,344,154,7 266,169,273,176,7 12,137,29,153,8
images/160feec3-117resized.jpg 16,162,42,183,2 130,146,148,167,2 259,175,267,183,2
images/169ea80a-VID_20230108_092619_out0023resized.jpg 293,170,311,188,2 206,99,224,116,2 57,171,73,186,2
images/16b5ae70-f6c95790-VID_20230108_092941_out0033resized.jpg 285,105,312,131,10
images/16c7b392-VID_20230108_092619_out0007resized.jpg 277,163,292,177,11 278,178,292,189,14
images/17a7e207-VID_20230108_092427_out0009resized.jpg
images/1849691c-70cf9648-4437fbda-5resized.jpg 267,168,318,232,9 365,224,378,237,2 271,81,321,158,10
images/186022f1-VID_20230108_092021_out0023resized.jpg
images/18e8c3cf-VID_20230108_092427_out0023resized.jpg
images/18f12018-VID_20230108_092021_out0013resized.jpg
images/18f1b994-107.jpg
images/1934f595-50resized.jpg 347,164,365,180,2 298,162,313,174,11 64,147,77,160,2 104,153,115,162,2 64,163,77,174,19 309,134,324,145,2
images/199c202c-122resized.jpg 364,172,385,192,2 233,153,251,171,2 47,175,65,194,2
images/1a39a37f-5cf1d13e-document_5280547541790762168_out0013resized.jpg 214,190,228,199,3 244,169,263,189,6
images/1a4738e7-99resized.jpg 362,144,381,164,7
images/1a7bfeb0-VID_20230108_092021_out0041resized.jpg
images/1b42fdb8-6ff5ac78-VID_20230108_092941_out0051resized.jpg 269,139,280,150,10
images/1b69bb71-VID_20230108_092737_out0061resized.jpg
images/1bd4db36-0cc97109-road_signs_test_out0029resized.jpg 313,173,328,188,7
images/1bf1522e-5285a5a5-VID_20230108_092941_out0040resized.jpg 286,170,306,188,3
images/1c93d6b4-420c80fb-road_signs_test_out0018resized.jpg 362,186,380,201,3
images/1d05c050-3590e96c-VID_20230108_092941_out0042resized.jpg 291,170,314,191,3
images/1d241155-185.jpg
images/1d38dfcf-VID_20230108_092737_out0052resized.jpg 232,177,240,185,3
images/1d68fa50-116.jpg
images/1e099873-139resized.jpg 49,160,68,180,7 11,103,37,133,2
images/1e6240a2-28142393-VID_20230108_092856_out0027resized.jpg 257,160,273,175,2 98,167,111,180,2 283,144,306,165,3
images/1ee0a617-VID_20230108_092545_out0007resized.jpg 21,164,35,185,1 123,183,134,194,2 228,125,243,141,2 296,184,310,198,2 313,186,320,199,1
images/1f1a2c41-151resized.jpg 382,158,397,181,8
images/1fdac5b4-098e36d1-VID_20230108_092941_out0021resized.jpg 293,157,316,178,14 293,138,314,155,11 292,119,315,137,10 280,175,292,185,3
images/1fdd4148-a24e9018-VID_20230108_092856_out0016resized.jpg
images/2071bb43-IMG_20230120_185446resized.jpg 85,141,112,167,8
images/20b46ccb-VID_20230108_092021_out0012resized.jpg
images/211830d4-95ff70c6-document_5280547541790762168_out0001resized.jpg 258,175,269,185,3 286,169,298,181,6
images/213d1001-9e1b3b66-VID_20230108_092941_out0019resized.jpg 320,159,345,180,20
images/21b4041c-VID_20230120_185211_out0003resized.jpg 278,141,307,168,8
images/21dd6937-126.jpg
images/21ff7231-155resized.jpg 380,126,401,147,8
images/223c23e5-167resized.jpg 373,142,396,167,2 278,114,300,136,2 50,161,66,178,2 86,139,99,153,2
images/223dc6f5-85resized.jpg 41,143,60,158,2 97,114,109,127,2
images/223e7e89-163.jpg
images/229069ba-16resized.jpg 306,165,317,176,2 334,174,352,180,13 275,151,285,161,2 116,160,124,168,2 305,148,316,157,6
images/22f6a7c2-87bcffad-document_5280547541790762168_out0018resized.jpg 180,133,203,160,6 199,157,215,172,7 166,168,179,180,3
images/2360dda3-143.jpg
images/23e24f37-182.jpg
images/23f06379-VID_20230108_092427_out0030resized.jpg 330,164,351,181,12
images/24c76192-149.jpg
images/2546b791-55resized.jpg 211,162,221,172,16
images/2552540e-VID_20230108_092737_out0008resized.jpg 240,198,254,211,3 388,165,401,184,1
images/259901e7-IMG_20230120_185502resized.jpg 348,109,378,137,8
images/25bde713-VID_20230108_092737_out0044resized.jpg 317,161,326,173,1
images/26191faf-046981c7-VID_20230108_092856_out0021resized.jpg
images/261fffd6-VID_20230120_185211_out0011resized.jpg 342,109,373,140,8
images/26d0eba8-VID_20230120_185211_out0022resized.jpg
images/27d5b355-95606088-VID_20230108_092941_out0002resized.jpg 300,189,310,201,1
images/2802465d-ddba2b41-road_signs_test_out0021resized.jpg 263,167,276,178,2 332,198,343,208,2 118,177,128,186,2 99,206,107,217,2
images/281687e1-15.jpg 224,240,233,249,3
images/28301870-VID_20230108_092427_out0003resized.jpg 314,198,330,211,12
images/2948e699-VID_20230108_092619_out0020resized.jpg 269,181,282,193,2 209,131,222,143,2 103,181,114,191,2
images/29a2daca-7a2a2a60-VID_20230108_092856_out0022resized.jpg
images/29df9374-146.jpg
images/2a10c9a4-df861337-document_5280547541790762168_out0032resized.jpg 74,166,99,196,2 72,124,99,160,3
images/2a3a9e60-b305351f-road_signs_test_out0004resized.jpg 231,200,243,210,3
images/2a5d08e2-16.jpg 225,239,233,247,3
images/2a71a556-142.jpg 275,175,294,196,2 72,242,82,256,2 59,215,67,224,2 60,231,67,244,1
images/2b2e0220-1006d6b6-VID_20230108_092941_out0026resized.jpg
images/2b5bdfba-e2f0865d-7a579eeb-IMG_7106_copyresized.jpg 255,114,331,190,3 88,182,105,198,2
images/2b83c78f-c1dfb504-VID_20230108_092941_out0012resized.jpg 355,94,386,124,3 267,168,277,176,3
images/2bb01f86-01f59cfd-VID_20230108_092856_out0012resized.jpg 254,162,267,176,3
images/2be1241d-VID_20230108_092619_out0004resized.jpg 258,166,273,180,3
images/2c1e24e0-42resized.jpg 335,154,355,173,16
images/2c725805-VID_20230108_092021_out0017resized.jpg
images/2c7d4e0e-dc8e6f02-document_5280547541790762168_out0054resized.jpg 81,90,123,115,2
images/2c8dcf07-VID_20230108_092545_out0011resized.jpg
images/2cf5c206-173resized.jpg 335,165,363,194,16 187,190,203,207,3 133,198,143,208,0
images/2d788f94-118resized.jpg 184,131,200,145,2 60,157,72,172,2
images/2dad9499-VID_20230108_092619_out0026resized.jpg 376,136,397,168,1 260,167,271,178,3 260,180,273,190,10
images/2de8f76c-0cf8449c-VID_20230108_092941_out0007resized.jpg 256,168,271,181,3 309,138,337,165,2 2,134,19,156,2
images/2df52b95-VID_20230108_092737_out0056resized.jpg 311,131,340,158,3
images/2e2a3bc4-VID_20230108_092545_out0003resized.jpg
images/2ed7b4e5-141.jpg 255,200,269,214,2 91,246,100,257,2 80,238,87,248,1 77,224,84,233,2
images/2f1f555b-171.jpg 234,223,243,234,2 114,251,125,262,2 104,235,110,243,2 107,246,113,254,1
images/2f45ea9c-VID_20230108_092427_out0045resized.jpg 313,108,336,125,12
images/2fc6b1de-192resized.jpg 28,115,60,143,8 274,210,281,217,8
images/2fc6bdf0-VID_20230108_092619_out0012resized.jpg 317,144,344,171,9 319,104,346,130,10
images/2fe89e18-110.jpg
images/2feb8395-152.jpg
images/3058e4d0-119.jpg
images/31261e0f-VID_20230108_092619_out0002resized.jpg
images/313e89b0-VID_20230108_092021_out0066resized.jpg
images/31ae5249-VID_20230108_092427_out0033resized.jpg
images/31b1b5f0-VID_20230120_185211_out0027resized.jpg 347,229,376,257,8
images/323e0eb7-VID_20230108_092021_out0042resized.jpg
images/3265013a-f135c660-document_5280547541790762168_out0036resized.jpg 201,190,216,205,2
images/32b85e4f-14608aac-d40bef38-1resized.jpg 276,57,373,155,2
images/330e3c40-b5033a61-road_signs_test_out0028resized.jpg 292,182,306,195,7
images/339a6738-VID_20230108_092021_out0056resized.jpg
images/341f92e8-VID_20230108_092021_out0004resized.jpg
images/3494fcf5-VID_20230108_092021_out0018resized.jpg 299,161,315,175,20 301,175,315,186,21 116,172,127,183,21
images/349c5569-VID_20230120_185211_out0019resized.jpg
images/34d3e744-VID_20230108_092021_out0067resized.jpg
images/34f40206-VID_20230108_092021_out0048resized.jpg
images/3544f059-c7ca0e8c-VID_20230108_092856_out0010resized.jpg 240,177,247,185,3
images/357bfabd-229920d2-VID_20230108_092941_out0006resized.jpg 70,157,86,174,2 270,164,291,182,2 247,180,257,190,3
images/364f32d1-ea026299-document_5280547541790762168_out0035resized.jpg 0,90,41,133,3 0,137,37,191,2
images/37142520-0d606b63-road_signs_test_out0026resized.jpg 361,177,376,200,2 267,196,277,203,7
images/371f46d2-cf14e9f1-document_5280547541790762168_out0041resized.jpg 67,93,106,163,2
images/3770ea9c-VID_20230108_092021_out0011resized.jpg
images/37c3cc2e-VID_20230108_092354_out0004resized.jpg 351,138,372,157,12
images/37c463ac-8a5bcfce-VID_20230108_092941_out0044resized.jpg 359,123,400,159,3
images/3866ff22-VID_20230108_092354_out0006resized.jpg
images/38672317-a172cd5e-VID_20230108_092941_out0027resized.jpg
images/38812a72-8d1dca44-document_5280547541790762168_out0049resized.jpg 138,155,162,181,2 95,103,116,124,2
images/38a13139-2428d2d7-VID_20230108_092941_out0001resized.jpg 297,185,309,202,1
images/391c5fbc-5a429faa-road_signs_test_out0010resized.jpg 347,176,366,193,2 159,171,172,184,2 244,128,260,144,2 80,162,91,172,2 345,146,364,163,3
images/39931721-60resized.jpg 191,139,205,153,2 331,140,343,155,2 366,114,375,127,2 139,163,150,176,7
images/39f053d4-IMG_20230120_185442resized.jpg 82,136,108,163,8
images/3a954a17-VID_20230108_092021_out0069resized.jpg
images/3abc36d3-VID_20230108_092619_out0018resized.jpg 349,91,378,115,18 347,122,378,151,9
images/3af06e59-200resized.jpg 78,155,113,190,0
images/3af8411d-VID_20230108_092737_out0012resized.jpg 263,140,277,154,10 263,155,278,168,11 263,170,278,184,14
images/3c598586-VID_20230108_092619_out0010resized.jpg 262,139,278,155,3 262,160,275,174,10 263,181,275,192,9
images/3cb7afea-VID_20230108_092619_out0016resized.jpg 292,163,310,180,9 293,142,312,160,18
images/3cccc9c8-VID_20230108_092737_out0057resized.jpg
images/3d0dd790-153resized.jpg 323,214,365,253,2 254,118,287,150,2 325,120,365,160,3 143,247,162,266,2 122,206,137,222,2 108,254,121,268,8 43,255,52,265,8 64,262,73,272,7 308,233,321,261,2
images/3d45b25b-VID_20230108_092354_out0012resized.jpg
images/3d51f86f-119resized.jpg 222,132,241,149,2 1,180,20,197,2 107,169,117,181,2
images/3d65a306-VID_20230108_092021_out0008resized.jpg
images/3d6a049b-VID_20230108_092737_out0017resized.jpg 9,122,28,140,2 288,124,310,146,2 337,93,372,125,9 234,146,249,160,10 273,151,287,164,18
images/3dc3f102-b8d74805-0601be34-a58fcdes-960resized.jpg 294,110,330,144,6 127,110,155,135,3 298,150,327,183,2 132,160,152,180,2 247,200,264,217,2
images/3e0b9695-VID_20230108_092354_out0002resized.jpg
images/3e3256df-26resized.jpg 112,197,120,204,2 294,193,304,202,2 292,181,303,190,3
images/3e6a7a63-6resized.jpg 266,183,276,194,8
images/3ecc7ad4-VID_20230108_092021_out0070resized.jpg
images/3f20bb71-f16b7271-VID_20230108_092941_out0036resized.jpg 247,152,259,163,3
images/3f5dd137-174c0ae1-document_5280547541790762168_out0051resized.jpg 122,122,163,160,2 390,118,414,164,2
images/3f7c542f-VID_20230108_092737_out0035resized.jpg 278,160,298,179,3
images/3fa251bb-113.jpg
images/3fbb4864-117.jpg
images/3fd16fbd-VID_20230108_092427_out0016resized.jpg
images/3fde3a8b-111resized.jpg 278,178,285,186,7 103,180,114,189,8
images/405cf2bc-120resized.jpg 31,176,44,188,2 122,163,132,174,2 280,134,292,146,2 297,155,314,170,2 315,152,331,165,6
images/40b56ee7-187.jpg 228,212,240,223,2
images/40dd85ef-IMG_20230120_185458resized.jpg 269,134,293,158,8
images/417c422d-ef5b4afe-VID_20230108_092941_out0010resized.jpg 277,148,292,162,3
images/41e1a9f1-VID_20230108_092427_out0038resized.jpg 237,111,257,131,22 235,134,260,154,23 234,156,258,165,13
images/42ef5f9f-VID_20230108_092737_out0036resized.jpg 308,132,334,158,3
images/43fdbe5d-103.jpg
images/4407b7dd-6f54c58b-VID_20230108_092941_out0017resized.jpg 264,183,275,192,20
images/44f9e458-VID_20230108_092427_out0011resized.jpg
images/4596202f-3aff4176-VID_20230108_092941_out0045resized.jpg
images/45d63438-VID_20230108_092737_out0065resized.jpg 251,166,270,178,3
images/45d6ef2d-22eba05d-road_signs_test_out0020resized.jpg
images/477bceab-b10c5949-VID_20230108_092941_out0016resized.jpg
images/477c3950-102.jpg
images/47abbd62-32dbc8cb-VID_20230108_092941_out0050resized.jpg
images/47d2c43d-VID_20230108_092737_out0023resized.jpg
images/47ea6073-81resized.jpg 381,174,399,197,8 384,119,402,149,0
images/487e91b4-VID_20230108_092737_out0055resized.jpg 266,162,285,178,3
images/48bff2d4-VID_20230108_092737_out0031resized.jpg 231,149,240,157,3
images/4916ccc1-ce21fc63-road_signs_test_out0005resized.jpg 259,180,279,197,3
images/49b59890-VID_20230108_092354_out0009resized.jpg
images/4a35dc01-195resized.jpg 327,139,359,170,8 131,158,144,171,2 145,196,153,206,2
images/4a3760c5-101.jpg
images/4a803bd7-4f197188-VID_20230108_092856_out0006resized.jpg 11,145,23,160,1
images/4b249398-14.jpg 223,239,233,249,3 395,91,415,130,2
images/4c001784-f964cf10-document_5280547541790762168_out0045resized.jpg 206,167,233,192,2 179,132,196,148,2 26,191,39,204,2 87,145,100,159,2
images/4cb821c7-cb80786e-document_5280547541790762168_out0002resized.jpg 260,175,270,185,3 284,167,297,181,6
images/4d749779-VID_20230120_185211_out0031resized.jpg 328,161,363,193,8
images/4de078ed-VID_20230108_092021_out0028resized.jpg
images/4e60d60e-VID_20230108_092737_out0004resized.jpg 310,134,344,165,3 247,176,263,192,2 70,173,83,186,2
images/4f63bd5f-VID_20230108_092737_out0001resized.jpg 253,159,268,175,3
images/4fb1fee3-VID_20230108_092021_out0051resized.jpg
images/4fd2d97b-VID_20230108_092737_out0032resized.jpg 233,146,245,157,3
images/5017c450-IMG_20230120_185455resized.jpg 188,137,213,163,8
images/5033c9b8-186.jpg
images/506c7316-67resized.jpg 81,150,96,165,2 133,130,147,142,2 295,116,309,130,2 356,145,374,162,2 310,192,322,203,8 357,128,371,143,0
images/50e3deb0-VID_20230108_092021_out0031resized.jpg
images/511ee3a0-VID_20230108_092737_out0011resized.jpg 340,141,373,170,3
images/512adefd-e84c878b-VID_20230108_092941_out0031resized.jpg 354,90,401,132,2 287,150,308,170,10 253,185,263,193,3
images/51aea896-VID_20230108_092737_out0039resized.jpg
images/5241852d-175.jpg 337,166,363,198,3
images/52b4b68c-VID_20230108_092021_out0001resized.jpg
images/52e44821-83resized.jpg 347,157,370,178,2 311,102,328,123,2 344,190,372,203,13 349,134,370,154,6 74,168,87,181,2 116,145,125,155,2
images/530701a8-VID_20230108_092737_out0050resized.jpg
images/534a125f-115resized.jpg 371,133,393,155,7 309,179,321,192,2 278,143,290,155,2 307,164,321,177,3 147,161,158,172,2 210,164,217,170,2
images/53d40ea9-VID_20230108_092021_out0055resized.jpg
images/54751d4b-105resized.jpg 378,108,404,134,7 284,159,294,169,7
images/55422cfa-VID_20230108_092021_out0039resized.jpg 347,139,387,165,23
images/55a6670b-7a318e6d-road_signs_test_out0024resized.jpg
images/55c68c24-VID_20230108_092021_out0058resized.jpg
images/570e93ba-205a6142-4e282437-10resized.jpg 85,185,107,207,2 147,122,168,145,2 231,109,255,134,2 313,119,342,151,3 356,81,408,133,11 310,156,337,178,10 277,197,289,209,9
images/5745c680-6392a8b7-document_5280547541790762168_out0025resized.jpg 202,128,231,158,7 177,164,197,184,3 178,184,197,204,2
images/57be0638-48ad958a-document_5280547541790762168_out0010resized.jpg 240,173,251,186,3 269,165,286,178,6
images/57d11141-07fea6b0-VID_20230108_092941_out0018resized.jpg 284,180,301,192,20
images/58b60b26-VID_20230108_092737_out0045resized.jpg 353,155,365,171,1
images/598caf33-90resized.jpg 303,176,319,192,2 248,162,258,170,7
images/59a4a66c-204c16ce-VID_20230108_092941_out0029resized.jpg 85,177,108,198,2 342,157,368,182,2 334,180,352,196,10
images/5a11e310-157.jpg
images/5a2e9e69-VID_20230108_092737_out0002resized.jpg 252,158,266,172,3
images/5a4c256b-171resized.jpg 378,128,398,151,0
images/5b1a4950-VID_20230108_092021_out0052resized.jpg
images/5b6fae1a-VID_20230108_092021_out0036resized.jpg
images/5b86698e-VID_20230108_092427_out0041resized.jpg 271,136,286,149,12
images/5bd1ed7a-e12c470e-VID_20230108_092941_out0024resized.jpg
images/5c8b24e0-VID_20230108_092021_out0059resized.jpg
images/5c9b4443-VID_20230108_092021_out0019resized.jpg
images/5ccefbd7-91resized.jpg 315,172,334,193,2 248,155,259,167,7 63,155,73,167,2 89,137,97,147,2
images/5d22b399-VID_20230108_092427_out0043resized.jpg 281,124,300,139,12
images/5daa03ae-VID_20230108_092354_out0007resized.jpg
images/5db3e801-a126a1ba-VID_20230108_092856_out0014resized.jpg 294,141,319,164,3
images/5e143fab-705d6325-VID_20230108_092941_out0038resized.jpg 265,157,278,169,3
images/5e5b1c80-154.jpg
images/5efb54eb-66resized.jpg 107,162,119,174,2 148,145,158,156,2 280,134,293,147,2 330,158,345,172,2 331,143,342,155,0 294,195,303,205,8
images/5f5270f9-VID_20230108_092737_out0009resized.jpg 247,186,263,202,3
images/5f94746d-VID_20230108_092021_out0063resized.jpg
images/5fcbdfbb-b03689ff-document_5280547541790762168_out0003resized.jpg 259,175,270,184,3 286,168,298,181,6
images/5fd7e8ef-VID_20230108_092619_out0019resized.jpg 377,111,413,150,9
images/5fed6716-114.jpg
images/60158b38-ebb55cca-VID_20230108_092856_out0026resized.jpg 320,117,361,152,3 260,160,276,175,3 247,167,258,178,2 121,172,134,184,2
images/60cae816-102resized.jpg 286,155,297,167,7 75,156,87,168,8
images/61761131-35resized.jpg 191,146,205,158,8 344,183,360,196,8 339,165,361,179,19 171,150,189,168,24
images/618a4c46-125resized.jpg 345,107,372,135,2 68,155,90,178,2
images/6298ea3b-14resized.jpg 95,190,102,199,2
images/62bd1f03-90dcd760-VID_20230108_092856_out0019resized.jpg
images/6363bcda-VID_20230108_092427_out0042resized.jpg 278,114,297,130,12
images/6371fecc-189.jpg 247,193,263,207,2 105,242,114,252,2
images/642b2e9b-VID_20230108_092427_out0046resized.jpg 342,94,365,111,12
images/646d2a81-40resized.jpg 381,162,397,176,8 41,162,57,177,8 381,146,396,161,0
images/64d25db4-3ad63dee-document_5280547541790762168_out0005resized.jpg 251,176,263,187,3 275,168,291,183,6
images/65185f03-187resized.jpg 80,166,133,218,4
images/65beb8fe-da4c677f-VID_20230108_092941_out0020resized.jpg 263,174,276,186,14 260,160,277,172,11 259,145,277,159,10
images/65c6ccf8-158.jpg
images/65f1f902-150.jpg 240,211,254,225,2 104,250,115,261,2 95,241,101,252,1
images/663104bf-VID_20230108_092427_out0032resized.jpg
images/66353497-VID_20230108_092545_out0002resized.jpg 310,155,347,190,3
images/66971892-VID_20230108_092021_out0057resized.jpg
images/66b5fa24-d18304c3-VID_20230108_092941_out0013resized.jpg 277,163,288,175,3
images/66c74194-260da6b1-document_5280547541790762168_out0012resized.jpg 262,165,280,184,6 230,180,244,191,3
images/67301d26-VID_20230108_092021_out0068resized.jpg
images/67550c81-98resized.jpg 346,124,368,145,7 248,141,259,151,7 227,157,233,164,7
images/675b33fc-9c96e124-document_5280547541790762168_out0037resized.jpg 200,189,213,202,2
images/6781b5ce-158resized.jpg 98,178,134,212,6 7,100,38,136,2 35,221,45,243,2 21,172,29,191,2
images/6793283e-53resized.jpg 20,162,35,177,19
images/67a4c12c-VID_20230108_092737_out0054resized.jpg 253,171,267,184,3
images/68294efe-VID_20230108_092021_out0003resized.jpg
images/68798499-476bb7eb-road_signs_test_out0012resized.jpg 95,123,126,153,2
images/698ae36e-61resized.jpg 111,156,126,170,2 272,157,285,175,2 317,126,329,141,2 39,184,51,199,7
images/69bab15e-167.jpg 258,247,267,257,14
images/6b02f86c-65resized.jpg 118,167,128,178,2 156,152,165,162,2 273,142,285,155,2 318,163,330,176,2 317,185,333,191,13 319,151,330,163,0 285,197,294,205,8
images/6b6985bb-131resized.jpg 97,157,112,172,2 209,114,227,133,2 356,156,379,176,2
images/6b85f871-62resized.jpg 262,99,283,121,2 388,147,407,169,2 297,166,315,182,19 388,123,408,143,0
images/6bb55117-153.jpg
images/6c4b4f86-a6a26040-f88d553d-sign60resized.jpg 196,198,209,211,15
images/6c96e54c-183.jpg
images/6cbfd2c3-181resized.jpg 337,129,362,154,4 337,167,360,188,16
images/6d490399-VID_20230120_185211_out0016resized.jpg
images/6de9166e-VID_20230108_092737_out0034resized.jpg 259,171,277,185,3
images/6dfddf66-VID_20230120_185211_out0033resized.jpg 319,119,351,150,8
images/6e28a678-190resized.jpg 64,152,85,173,8
images/6e2d0594-VID_20230120_185211_out0028resized.jpg 345,257,372,285,8
images/6f65c4f2-78resized.jpg 289,175,306,190,2 269,145,283,157,2 127,153,139,165,2 106,170,118,182,2
images/6f7f30b1-5c509091-document_5280547541790762168_out0029resized.jpg 19,90,39,107,2
images/6f964ac3-3c0be622-road_signs_test_out0013resized.jpg 292,193,302,203,3 6,188,23,208,2
images/6fbc9a59-IMG_20230120_185512resized.jpg 341,91,385,135,8
images/6fe44bb1-59resized.jpg 56,153,72,171,2 115,133,128,148,2 371,181,381,193,7 78,178,86,186,19
images/706c8225-VID_20230120_185211_out0029resized.jpg 337,272,365,300,8
images/707e73b2-132resized.jpg 36,152,56,172,2 184,96,208,121,2 370,151,396,178,2
images/70d9199b-112.jpg
images/70e2b54a-VID_20230108_092619_out0022resized.jpg 205,116,219,132,2 280,177,294,190,2 77,178,90,189,2
images/710f8a7c-130resized.jpg 11,166,39,192,2 159,163,172,176,2
images/713e2c31-VID_20230120_185211_out0034resized.jpg 322,118,354,151,8
images/71e56311-57resized.jpg 312,152,326,167,2 319,126,334,137,6 310,171,326,179,13 276,118,288,130,2
images/7213f083-84resized.jpg 346,163,373,188,2 303,98,323,121,2 346,138,372,160,6 15,178,30,192,2 66,149,77,161,2 343,203,375,218,13
images/728193d8-163resized.jpg 178,211,195,228,16
images/72868baf-eca289c8-VID_20230108_092856_out0009resized.jpg
images/72ffb814-VID_20230108_092545_out0009resized.jpg 26,155,47,178,2 328,150,354,177,2
images/7303c924-100.jpg
images/732fb93a-bef6de24-road_signs_test_out0015resized.jpg 321,186,335,198,3
images/734958d3-VID_20230108_092737_out0020resized.jpg 273,149,294,169,10 343,151,364,172,18
images/737dd604-VID_20230108_092737_out0042resized.jpg 271,158,301,167,25 0,160,47,169,26
images/7435c677-169.jpg 301,231,318,248,14
images/7448149b-180.jpg
images/74524f5a-189e8daf-document_5280547541790762168_out0014resized.jpg 190,162,209,182,6 161,181,176,194,3 163,196,175,206,2
images/74714d99-b7375454-road_signs_test_out0003resized.jpg
images/747dcd47-138.jpg
images/749139ee-2fcd351e-ca1d4609-7resized.jpg 179,78,236,132,2 214,134,260,179,10 11,167,34,197,2 40,166,63,194,2
images/7498e721-VID_20230108_092545_out0005resized.jpg
images/74a11f5b-101resized.jpg 287,156,298,167,7 75,156,86,168,8
images/74c69d64-VID_20230108_092427_out0006resized.jpg
images/74d50db4-41resized.jpg 365,155,382,172,24 366,172,381,184,2 364,188,381,203,2 257,124,268,136,2
images/74f817c3-230ed06d-document_5280547541790762168_out0023resized.jpg 102,118,123,136,2 179,178,197,200,2 180,161,198,179,3 204,131,232,161,7 139,89,173,121,6 6,192,20,207,2
images/7519fd19-b8f0ec55-document_5280547541790762168_out0046resized.jpg 210,178,232,198,2 178,138,196,156,2
images/751f930f-6acb8f8e-VID_20230108_092856_out0007resized.jpg 325,144,335,157,1
images/75522f7f-161.jpg
images/75650e1b-57abcf91-VID_20230108_092941_out0048resized.jpg
images/75bac147-b697dae2-VID_20230108_092856_out0030resized.jpg
images/7641e265-6c87e0a8-VID_20230108_092941_out0022resized.jpg 361,125,395,153,14 360,91,393,115,11 303,167,319,181,3
images/76aae00c-164.jpg
images/76b76c7f-60b08a80-VID_20230108_092941_out0011resized.jpg 301,131,321,149,3
images/77c85675-VID_20230120_185211_out0026resized.jpg 346,187,374,214,8
images/78e7af9e-VID_20230108_092619_out0003resized.jpg 256,157,267,167,3
images/7936d994-VID_20230120_185211_out0032resized.jpg 321,130,352,161,8
images/795b1138-148.jpg
images/797927dc-128resized.jpg 317,146,339,168,2 59,146,78,164,2 141,143,151,151,2 318,118,341,139,3 272,152,282,162,2
images/797e196a-148resized.jpg 363,191,400,204,13 370,119,397,145,8 205,95,227,117,2 294,141,320,161,2 293,115,319,138,6
images/7999de69-193resized.jpg 339,127,367,154,8
images/799cd8bd-18b301a5-road_signs_test_out0014resized.jpg 305,185,316,196,3
images/79f95586-VID_20230108_092021_out0033resized.jpg
images/7a0cc9d3-a94ec1cb-document_5280547541790762168_out0044resized.jpg 210,171,228,189,2 181,134,197,149,2
images/7a21f856-196resized.jpg 336,162,349,174,2 352,201,359,211,2 45,141,68,166,8 128,167,140,182,8 149,205,159,218,2 200,187,207,195,2
images/7a6d925d-VID_20230120_185211_out0035resized.jpg 325,116,359,150,8
images/7a6fe6aa-VID_20230108_092021_out0043resized.jpg
images/7a81b8f5-VID_20230108_092021_out0029resized.jpg
images/7b1484bf-VID_20230108_092719_out0004resized.jpg 240,168,253,179,3 300,171,312,183,18
images/7b3caab0-135resized.jpg 11,140,30,161,2 118,175,130,186,2 348,142,376,167,2 303,180,314,191,2 347,110,373,137,3
images/7b6fa542-170resized.jpg 340,176,354,191,0
images/7bc0ce22-180resized.jpg 368,141,390,178,1
images/7bcfe9a1-220480c8-VID_20230108_092941_out0058resized.jpg 90,134,107,150,2 277,131,294,151,2 260,142,272,154,10
images/7bfea12f-28resized.jpg 47,177,56,189,1 46,190,56,199,8
images/7c2fc4f1-VID_20230108_092737_out0048resized.jpg
images/7c6edd63-VID_20230108_092719_out0001resized.jpg 314,174,336,193,18 315,153,338,170,17
images/7ca4b284-127.jpg
images/7cc0846d-VID_20230108_092737_out0025resized.jpg
images/7d04cbc3-74resized.jpg 378,146,391,159,7 345,129,365,149,8 152,115,165,127,8 167,147,177,157,2 182,136,190,146,2 277,131,288,141,2 290,151,303,162,2
images/7d054122-f1b26e14-VID_20230108_092941_out0053resized.jpg 301,138,324,159,14 304,119,322,136,11 303,98,322,118,10
images/7d318ab8-133.jpg
images/7dcacc1d-IMG_20230120_185506resized.jpg 303,136,333,167,8
images/7e3937a6-VID_20230108_092427_out0027resized.jpg 336,148,360,171,5 50,143,73,166,5
images/7f0f7780-VID_20230120_185211_out0004resized.jpg 279,140,306,168,8
images/7f20383c-VID_20230108_092354_out0003resized.jpg
images/7f5d3c26-29resized.jpg 321,121,347,141,11 322,156,345,173,19
images/7fd2d71a-21resized.jpg 338,150,351,160,8 22,161,34,171,8
images/7ff7da1f-191resized.jpg 352,143,370,173,1 18,148,31,160,8 175,173,183,181,8
images/80244c77-184resized.jpg 115,129,141,154,16 84,127,114,154,4
images/805782f2-a5e8cd4d-VID_20230108_092941_out0023resized.jpg 331,151,354,169,3 380,174,394,185,11
images/80754766-175resized.jpg 332,173,347,189,0
images/815924b0-VID_20230120_185211_out0040resized.jpg 332,117,370,153,8
images/815f73dd-830f1c8a-road_signs_test_out0030resized.jpg 347,158,364,174,7
images/81d7c601-143resized.jpg 347,125,374,154,16
images/81f8feb0-c0e48f0b-495d5c63-8resized.jpg 335,141,389,197,2 131,194,143,210,2
images/8269cb71-12.jpg 373,98,414,144,2 223,238,233,247,3
images/82a9df33-174resized.jpg 356,160,379,182,16 231,179,248,195,3 190,185,198,194,0
images/82ddabf1-VID_20230108_092354_out0001resized.jpg
images/8357e0c4-107resized.jpg 387,137,409,158,7 2,150,22,169,8
images/83ca7214-d13d9f2b-document_5280547541790762168_out0017resized.jpg 173,193,184,205,2 171,177,185,190,3 110,142,124,157,2 189,146,217,173,6 207,169,219,182,7
images/83cdfec2-VID_20230108_092719_out0010resized.jpg
images/83d3e362-VID_20230108_092619_out0021resized.jpg 273,181,286,193,2 209,126,220,139,2 92,180,102,189,2
images/846e2f6e-VID_20230108_092354_out0008resized.jpg
images/84b8790f-017e2857-fab36672-3resized.jpg 287,57,362,126,2
images/84d47365-faa05dfc-document_5280547541790762168_out0015resized.jpg 185,150,206,172,6 158,173,173,185,3 159,186,172,200,2
images/86575bf9-VID_20230108_092021_out0060resized.jpg
images/866603e7-154resized.jpg 350,131,376,156,8
images/86826355-72478baf-document_5280547541790762168_out0034resized.jpg 33,100,77,147,3 32,150,71,192,2
images/870a6bde-134.jpg
images/87308f94-90cb59da-VID_20230108_092856_out0020resized.jpg
images/8735696e-VID_20230108_092427_out0012resized.jpg
images/874359e2-15resized.jpg 297,187,306,196,8
images/87888185-173.jpg
images/87bc7277-IMG_20230120_185450resized.jpg 40,128,69,155,8
images/88e16db0-9480a4c9-VID_20230108_092941_out0043resized.jpg 310,168,337,193,3
images/89016e68-VID_20230120_185211_out0014resized.jpg 352,90,387,116,8
images/894dfe50-125.jpg
images/896d99d3-8d082666-document_5280547541790762168_out0050resized.jpg 129,144,155,173,2 81,91,103,110,2
images/89842646-VID_20230108_092021_out0053resized.jpg
images/89f3d906-136.jpg
images/89f77c27-6b8cf514-VID_20230108_092941_out0041resized.jpg 292,156,308,173,3
images/8a20f343-VID_20230108_092737_out0047resized.jpg
images/8ac8aa7c-VID_20230108_092737_out0058resized.jpg
images/8b33735c-VID_20230108_092021_out0021resized.jpg
images/8bfcba76-VID_20230108_092427_out0004resized.jpg
images/8c3cfa2b-52resized.jpg 17,121,35,137,2 71,127,87,143,2 341,140,362,157,11 18,141,35,157,19
images/8c70f53e-f0c56b9d-VID_20230108_092941_out0049resized.jpg
images/8c761087-113resized.jpg 6,163,26,181,8 317,168,331,181,7
images/8cd2e87c-VID_20230120_185211_out0037resized.jpg 328,91,366,123,8
images/8cd9b7eb-VID_20230108_092427_out0001resized.jpg 286,216,297,226,12
images/8cebc083-d3e89f95-document_5280547541790762168_out0008resized.jpg 257,169,273,184,6 230,178,242,190,3
images/8d0b6798-159.jpg
images/8d1940a7-109.jpg
images/8d1a4aad-156resized.jpg 312,146,334,169,7 150,225,162,235,2 131,200,142,209,2 150,200,161,209,24
images/8d7cbebf-3414151d-VID_20230108_092941_out0008resized.jpg 278,160,302,181,3 250,175,258,185,3
images/8da0172a-88resized.jpg 287,151,298,162,7 324,171,344,191,2 101,149,110,161,2 127,130,137,141,2
images/8da8f03d-11e5bffc-7388a3ba-4resized.jpg 18,119,54,168,2 295,126,310,142,2 234,69,254,87,2
images/8db5b602-26256cec-VID_20230108_092856_out0003resized.jpg 268,151,286,171,2 78,150,93,165,2 347,107,381,146,3
images/8e1436b0-07544993-VID_20230108_092856_out0001resized.jpg 248,133,266,149,2 102,132,115,144,2 283,117,306,137,3
images/8f24f2ab-183resized.jpg 281,126,306,152,16 252,126,280,151,4
images/8f4fd50a-VID_20230108_092021_out0009resized.jpg
images/8f58a067-3resized.jpg 335,136,363,166,2 49,171,64,188,2 379,172,389,185,2
images/8f6489aa-3232e9d7-road_signs_test_out0009resized.jpg 315,190,331,203,2 315,166,330,181,3 239,156,255,169,2 175,184,191,198,2
images/8f822846-VID_20230108_092619_out0013resized.jpg 270,142,286,156,11 270,165,285,181,10
images/9000407d-176resized.jpg 318,179,334,195,14 42,174,59,190,14 317,162,335,177,4 43,157,60,173,4
images/9009df63-f24eb2d4-VID_20230108_092941_out0035resized.jpg 352,90,382,110,10 242,157,253,167,3
images/9064e719-e29f8e15-VID_20230108_092941_out0004resized.jpg 383,143,398,168,1
images/909820a2-VID_20230108_092737_out0059resized.jpg
images/90a9928f-VID_20230108_092021_out0045resized.jpg
images/90c91ba3-124.jpg
images/90d3af2b-123.jpg
images/9110b6a2-c14bb88d-road_signs_test_out0001resized.jpg
images/9122fbbf-VID_20230108_092354_out0014resized.jpg
images/9136c520-162.jpg
images/92b6c05f-194resized.jpg 3,167,30,209,1
images/92d2ab10-24resized.jpg 322,186,332,202,1 48,178,58,188,8 277,179,286,191,1
images/93de0965-VID_20230120_185211_out0020resized.jpg
images/945aa121-111.jpg
images/948433f3-b341350d-96c4cbce-196956resized.jpg 328,150,360,181,3 180,169,195,184,3 144,171,154,183,3 125,177,135,185,3
images/953fb3c8-53be2a20-VID_20230108_092856_out0024resized.jpg 256,163,270,178,3 242,175,252,185,3
images/96f415ce-VID_20230108_092737_out0043resized.jpg 298,148,341,162,25
images/9740a921-VID_20230108_092021_out0022resized.jpg
images/974a9c2a-197resized.jpg 327,150,344,169,0 325,171,346,192,8
images/97958b8c-VID_20230108_092545_out0006resized.jpg 68,172,79,186,1 297,186,303,196,1 138,183,151,194,2 228,137,239,150,2 284,184,295,196,2
images/9838d41d-45resized.jpg 19,93,35,116,2 60,168,70,186,2 54,139,63,156,8 377,163,396,182,16
images/98907c18-VID_20230108_092021_out0040resized.jpg
images/997f8a07-VID_20230108_092021_out0027resized.jpg
images/998dd9d0-177.jpg
images/9993eafc-VID_20230108_092719_out0003resized.jpg 237,194,247,202,3
images/99afff07-VID_20230120_185211_out0008resized.jpg 292,129,320,156,8
images/99c2572c-VID_20230108_092427_out0036resized.jpg 270,111,292,134,5 155,143,169,156,22 155,158,170,171,23
images/9a685ae9-05fbb88f-dcde9adb-9resized.jpg 176,254,240,323,2 117,86,166,128,2 165,342,175,354,14
images/9a7bc5ef-0120c714-road_signs_test_out0019resized.jpg 372,173,391,192,3
images/9ae1d23b-VID_20230120_185211_out0006resized.jpg 283,136,310,163,8
images/9ba53b9e-VID_20230108_092427_out0044resized.jpg 292,116,312,133,12
images/9bbe684f-106resized.jpg 332,161,348,176,7 45,169,61,184,8
images/9c26110e-VID_20230120_185211_out0001resized.jpg 279,141,307,168,8
images/9cfd985a-6b4a08f2-91d8c7e5-8resized.jpg 246,158,310,222,9 244,83,310,149,10 208,271,222,282,14 206,256,222,267,11
images/9d5ab912-VID_20230108_092545_out0012resized.jpg
images/9d6cc151-132.jpg
images/9e5bc562-3fea634c-VID_20230108_092856_out0005resized.jpg 57,157,65,170,1 279,166,289,177,1
images/9ec06952-VID_20230108_092719_out0007resized.jpg 288,105,317,133,3
images/9f21df19-VID_20230108_092737_out0053resized.jpg 238,180,249,189,3
images/9f4277cd-VID_20230108_092427_out0040resized.jpg 250,144,265,156,12 369,90,414,121,23 368,124,415,141,13
images/9f6cc299-152resized.jpg 317,131,342,153,8 186,155,201,169,3 186,190,199,203,2 195,215,215,223,13 157,152,170,165,2 154,197,164,209,2 139,173,147,181,2 136,200,146,209,8 118,204,125,211,7 107,199,116,207,8
images/9f9450dc-VID_20230108_092427_out0047resized.jpg
images/9f9ed7c9-40eb32a1-e93ce6a6-6resized.jpg 298,85,390,175,9
images/9fb9d786-82e31f02-road_signs_test_out0006resized.jpg
images/9fed9fef-VID_20230108_092427_out0024resized.jpg
images/a061ffdc-d704d140-document_5280547541790762168_out0048resized.jpg 169,163,193,186,2 131,114,152,136,2 26,139,41,156,2
images/a0807dcf-VID_20230108_092737_out0018resized.jpg 251,144,266,160,10 337,108,368,135,2 298,149,313,163,18
images/a0e0a1eb-434f474c-VID_20230108_092856_out0029resized.jpg 336,102,372,138,2
images/a131ae9e-4609f285-VID_20230108_092856_out0028resized.jpg 57,153,75,170,2 282,139,300,159,2 359,92,402,132,3
images/a18a18bf-VID_20230108_092427_out0048resized.jpg
images/a1a3ecb7-140.jpg
images/a215b12a-VID_20230108_092619_out0017resized.jpg 321,152,345,176,9 322,129,343,148,18
images/a2581d94-VID_20230108_092737_out0006resized.jpg 324,141,357,170,2 290,176,298,187,1
images/a27a74a2-151.jpg 43,226,52,241,1
images/a28342b2-898ebe6f-VID_20230108_092941_out0003resized.jpg 328,169,336,181,1
images/a28b200e-VID_20230108_092737_out0027resized.jpg
images/a29774ad-22resized.jpg 265,162,275,172,11
images/a3117bd3-VID_20230108_092545_out0001resized.jpg 310,156,348,191,3
images/a3455abf-146resized.jpg 346,131,369,154,8
images/a3af5ee5-VID_20230108_092021_out0010resized.jpg
images/a418fef1-VID_20230108_092737_out0033resized.jpg 246,173,259,184,3
images/a480356a-114resized.jpg 336,155,353,173,7 289,190,301,201,2 288,178,299,187,3 268,163,278,171,2
images/a4bff6f7-177resized.jpg 322,181,340,196,4 63,177,80,191,4 64,193,79,206,14 322,198,337,212,14
images/a5f1f09a-VID_20230108_092021_out0025resized.jpg 340,135,369,158,5 42,130,62,154,5
images/a655dcfd-122.jpg
images/a6d6840e-76resized.jpg 338,120,363,143,8 381,142,399,160,7 71,99,89,117,8 265,151,277,164,2 247,124,257,134,2 114,128,126,140,2 93,144,107,157,2
images/a6ffc094-48resized.jpg 110,175,119,185,2 128,149,136,158,2 261,148,270,156,2 283,147,295,159,3 303,168,315,180,2
images/a71b35e0-37b5fa74-VID_20230108_092941_out0039resized.jpg
images/a81c3d02-93resized.jpg 326,112,344,130,7 240,147,248,155,7 216,148,221,155,7
images/a87eef13-VID_20230108_092737_out0063resized.jpg 235,179,246,190,3
images/a8ba6d36-VID_20230108_092427_out0031resized.jpg
images/a8f0f065-176.jpg 378,132,404,173,3
images/a9267cde-77resized.jpg 300,146,318,164,2 275,110,291,125,2 100,121,113,134,2 72,139,89,156,2
images/a970779b-72resized.jpg 322,139,339,155,8 168,128,180,140,8 349,154,360,165,7
images/a9a887b1-179.jpg
images/aa227719-145.jpg
images/aa809fe6-VID_20230108_092619_out0027resized.jpg 270,176,282,189,10 270,163,283,174,3
images/aa80bf3e-VID_20230108_092737_out0064resized.jpg 243,172,252,181,3
images/aab366b9-VID_20230108_092427_out0022resized.jpg
images/aaead042-88cc9555-road_signs_test_out0011resized.jpg 129,138,149,158,2 148,162,161,175,2 30,132,44,144,2
images/ab1338c3-VID_20230108_092737_out0066resized.jpg 269,149,290,169,3
images/ab59edde-VID_20230108_092619_out0006resized.jpg 318,132,351,164,3
images/ac806bda-95resized.jpg 273,170,283,181,7
images/acc72409-564b57aa-VID_20230108_092856_out0025resized.jpg 276,146,297,163,3 250,164,261,175,3
images/acefeaec-VID_20230108_092737_out0021resized.jpg 314,111,339,137,10
images/adc1f901-3c7b3758-document_5280547541790762168_out0030resized.jpg 105,183,127,207,2 104,157,129,178,3
images/ade066a5-VID_20230108_092354_out0005resized.jpg
images/ae347e68-VID_20230108_092021_out0030resized.jpg
images/ae36f2af-a6fb8c7f-document_5280547541790762168_out0027resized.jpg 173,115,208,147,7 157,167,181,188,3 158,192,178,213,2 63,117,81,134,2
images/ae42c33f-199resized.jpg 369,170,393,193,0
images/aed38ddd-VID_20230108_092427_out0039resized.jpg 301,122,336,148,23 225,153,236,164,12 303,92,333,114,22 301,151,335,161,13
images/af7c92bd-IMG_20230120_185151resized.jpg 262,132,284,154,8
images/aff95db0-VID_20230108_092354_out0011resized.jpg
images/b062b663-129resized.jpg 10,140,35,165,2 124,136,137,149,2 370,143,400,170,2 308,150,321,163,2 370,99,402,132,3
images/b068c3f5-VID_20230108_092737_out0069resized.jpg
images/b0e13e51-76f4d2fb-road_signs_test_out0002resized.jpg
images/b0f2d017-166.jpg 249,251,260,260,14
images/b14fa55b-VID_20230108_092619_out0001resized.jpg
images/b2209732-VID_20230108_092021_out0014resized.jpg
images/b29852ce-86033180-road_signs_test_out0027resized.jpg 281,191,289,200,7
images/b2cc1325-32resized.jpg 263,177,274,187,2 263,166,274,175,3 243,159,254,169,2 37,182,47,191,2 57,166,64,174,2
images/b3182c3a-07d0cc82-document_5280547541790762168_out0020resized.jpg 204,185,217,198,2 138,130,154,144,2 43,192,58,205,2 200,119,233,155,6 234,150,255,173,7
images/b3d72cee-59c03fa6-document_5280547541790762168_out0042resized.jpg 25,91,69,148,2
images/b41ebba1-178e947f-document_5280547541790762168_out0024resized.jpg 179,158,198,178,3 180,179,199,200,2 203,125,232,155,7
images/b4f59505-100resized.jpg 84,152,94,163,8 271,152,281,161,7
images/b51f7397-VID_20230120_185211_out0030resized.jpg
images/b5a8b5c7-VID_20230108_092021_out0006resized.jpg
images/b60fdf58-97resized.jpg 322,129,342,147,7 242,143,252,154,7
images/b6455d42-2resized.jpg 282,151,307,172,11
images/b6f6ff47-2d62591f-VID_20230108_092941_out0046resized.jpg
images/b701b5df-VID_20230120_185211_out0025resized.jpg 345,161,373,187,8
images/b708aac2-156.jpg
images/b72b86ac-36resized.jpg 330,154,345,167,0 325,177,346,184,13 300,172,314,186,3 73,179,94,187,13
images/b738135c-fbf31080-VID_20230108_092856_out0011resized.jpg 247,176,258,187,3
images/b7495078-12resized.jpg 302,190,311,198,11 63,197,72,208,2
images/b88f2b89-VID_20230108_092021_out0047resized.jpg
images/b8eddfd7-123resized.jpg 374,155,400,176,2 225,132,245,152,2 5,158,26,180,2
images/b95aecbc-134resized.jpg 39,148,55,166,2 335,150,358,171,2 334,123,359,145,3 295,181,308,193,2 132,178,143,188,2
images/b9a36b4e-82resized.jpg 286,123,299,138,2 312,164,328,180,2 312,147,329,161,6 114,172,124,182,2 309,186,331,196,13
images/b9af970b-VID_20230108_092619_out0025resized.jpg 352,132,384,163,2 331,158,346,180,1 249,175,259,184,3
images/b9c84371-5resized.jpg
images/ba81ad98-120.jpg
images/bae7aadc-VID_20230108_092545_out0013resized.jpg
images/bb9ec588-b717b816-VID_20230108_092856_out0023resized.jpg 243,171,253,181,3
images/bbd5f8a1-138resized.jpg 378,134,412,167,2 377,102,409,127,6 78,162,92,177,2 198,165,211,176,2 75,183,86,196,7
images/bc85fbec-f1404ec1-VID_20230108_092941_out0059resized.jpg 290,127,311,148,2 267,139,282,153,10 69,129,88,147,2
images/bce2dc30-131.jpg
images/bce2e7a5-VID_20230108_092737_out0014resized.jpg 361,107,396,141,14 285,136,306,155,11 243,171,253,179,9 242,158,254,167,10
images/bd2dc470-73resized.jpg 273,138,282,146,2 189,142,197,149,2 176,153,183,161,2 161,123,173,135,8 331,135,349,152,8 361,150,373,163,7
images/bd6782c2-135.jpg
images/bd68d2f3-VID_20230108_092427_out0021resized.jpg
images/bdd6cca3-VID_20230120_185211_out0010resized.jpg 329,114,360,144,8
images/be92e045-VID_20230108_092427_out0037resized.jpg 178,131,194,147,22 176,149,196,163,23 177,164,196,172,13
images/becaace2-VID_20230108_092021_out0016resized.jpg
images/bee6fd78-106.jpg
images/bef1e9be-137resized.jpg 352,162,374,183,7
images/bef33135-87resized.jpg 312,162,328,178,2 136,145,143,153,2 157,131,164,138,2 283,147,292,155,7
images/bf430d76-94resized.jpg 358,136,381,157,7
images/bf7a5697-78a69594-document_5280547541790762168_out0028resized.jpg 146,188,165,210,2 46,105,64,124,2 153,95,194,135,7
images/c003f5bc-VID_20230108_092737_out0037resized.jpg
images/c010bafc-75resized.jpg 124,137,134,147,2 143,122,152,133,2 264,117,274,127,2 282,142,292,153,2 348,113,371,136,8 387,134,403,149,7 102,95,121,110,8
images/c015b54d-VID_20230108_092545_out0010resized.jpg
images/c01dcd6f-46resized.jpg 373,175,385,187,8
images/c07a2b8a-96resized.jpg 294,151,309,164,7 231,161,238,167,7
images/c09a5b7f-VID_20230108_092021_out0035resized.jpg 352,100,381,127,5
images/c0c910ae-VID_20230108_092021_out0054resized.jpg
images/c15845a6-IMG_20230120_185452resized.jpg 164,132,188,155,8
images/c16f7cfb-VID_20230120_185211_out0012resized.jpg 352,102,382,132,8
images/c1916dd6-VID_20230108_092619_out0029resized.jpg 293,141,311,158,3 292,163,311,180,10
images/c1e4a1b3-VID_20230120_185211_out0039resized.jpg 334,111,372,148,8
images/c1fad66d-b60b555c-document_5280547541790762168_out0011resized.jpg 265,166,281,182,6 236,179,249,192,3
images/c226f8e4-VID_20230108_092021_out0038resized.jpg 302,164,324,178,23 348,152,380,164,13
images/c274d657-10.jpg 369,102,410,147,2
images/c2762076-186resized.jpg 356,161,377,184,0 355,121,376,144,8
images/c29201b9-56ded77f-road_signs_test_out0007resized.jpg 283,187,294,197,3
images/c38f019e-116resized.jpg 366,114,393,144,7 288,173,305,190,2 286,153,304,171,3 263,181,285,189,13 249,127,266,144,2 79,149,94,165,2 76,167,83,174,2 162,153,172,162,2
images/c39184bb-VID_20230108_092737_out0046resized.jpg
images/c45dd1b4-157resized.jpg 245,108,277,142,2 339,183,374,217,6 260,179,271,197,2 276,225,287,250,2 192,234,196,245,2
images/c46c0e15-129.jpg
images/c4f04d0c-54resized.jpg 340,159,354,170,16
images/c51cbbfb-182resized.jpg 257,196,278,217,16 234,196,257,218,4
images/c5635985-005d087b-document_5280547541790762168_out0007resized.jpg
images/c58b80cb-11.jpg 369,99,413,144,2
images/c5f7666e-609db42d-VID_20230108_092941_out0032resized.jpg 274,166,296,187,10
images/c6ef5aa7-VID_20230108_092427_out0034resized.jpg 225,148,239,163,5 30,140,50,157,5
images/c7180269-977a9e62-VID_20230108_092856_out0013resized.jpg 264,160,280,173,3
images/c7bc3b70-133resized.jpg 317,161,335,178,2 79,160,92,172,2 285,186,293,194,2 154,183,163,192,2 315,138,337,159,3
images/c7f2b2fd-104.jpg
images/c859b881-44resized.jpg 346,178,362,193,16
images/c8d02199-VID_20230108_092021_out0020resized.jpg
images/c8d73464-bed22824-road_signs_test_out0016resized.jpg 341,184,356,195,3
images/c943380f-VID_20230108_092021_out0046resized.jpg
images/c9638e6f-ebb119a8-6c89256a-1245800resized.jpg 236,129,304,191,3 137,219,148,229,3
images/c983ebd3-VID_20230108_092737_out0041resized.jpg
images/c987b732-688ca9bc-document_5280547541790762168_out0016resized.jpg 198,149,220,175,6 175,175,187,187,3
images/c9b7e1f7-VID_20230108_092021_out0065resized.jpg
images/ca1a5cdf-68resized.jpg 345,100,365,119,2 139,118,156,135,2 76,143,97,163,2 365,196,381,211,8
images/ca4633dd-105.jpg
images/ca7e3607-VID_20230120_185211_out0023resized.jpg 352,92,381,119,8
images/cb559cb4-VID_20230108_092737_out0051resized.jpg
images/cb93f9f4-37resized.jpg 301,163,318,179,2 277,123,292,138,2 99,131,112,143,2 378,132,398,153,0 374,153,396,173,8
images/cc352912-VID_20230108_092545_out0004resized.jpg
images/cc91c7c2-VID_20230108_092737_out0067resized.jpg 314,125,346,155,3
images/cccdbddf-0ca562ad-document_5280547541790762168_out0031resized.jpg 88,136,118,168,3 87,170,116,204,2
images/ccd8e922-VID_20230108_092737_out0038resized.jpg
images/ccfad73c-VID_20230108_092427_out0026resized.jpg 303,165,318,179,5 120,161,137,177,5
images/cd008423-38resized.jpg 336,167,355,188,2 308,122,327,140,2 119,139,131,150,2
images/cd155224-VID_20230108_092737_out0013resized.jpg 289,152,308,170,14 289,109,309,127,10 289,129,309,147,11 258,155,273,169,11
images/cd62c4ad-11resized.jpg 322,159,338,175,2 374,196,404,207,13
images/cea8fb6d-1resized.jpg
images/cf2f69eb-VID_20230108_092737_out0062resized.jpg
images/cf3eabc0-c9ae70ed-document_5280547541790762168_out0047resized.jpg 196,179,217,201,2 160,136,178,154,2
images/d06ad855-586f495e-VID_20230108_092856_out0002resized.jpg 285,115,306,135,3 251,135,262,147,2
images/d076cc17-34resized.jpg 315,143,332,161,16
images/d0d0310c-VID_20230120_185211_out0007resized.jpg 287,132,314,159,8
images/d133f08e-150resized.jpg 347,155,367,177,8
images/d150888d-92resized.jpg 327,166,353,194,2 18,147,31,161,2 51,123,64,134,2 249,147,262,158,7
images/d16b0b67-VID_20230120_185211_out0036resized.jpg 331,93,366,127,8
images/d20d8276-161resized.jpg 317,137,354,185,3 307,187,355,207,13
images/d2f31dcb-VID_20230120_185211_out0018resized.jpg
images/d387ff12-27resized.jpg 314,180,328,192,2 41,179,50,191,3 32,206,39,218,2 100,193,109,202,2 316,193,327,202,8
images/d3a67c81-31resized.jpg 331,149,342,163,1 359,162,377,180,2 231,169,238,174,3
images/d3c96124-695a185e-document_5280547541790762168_out0019resized.jpg 180,126,208,156,6 172,183,186,197,2 173,168,186,180,3
images/d3ebe651-121.jpg
images/d3ec0ecf-147.jpg
images/d405db28-63resized.jpg 369,151,393,178,3 153,112,184,125,13
images/d410c6dc-8042c9d5-document_5280547541790762168_out0022resized.jpg 117,124,130,137,2 190,182,203,196,2 216,139,240,161,7 163,90,206,134,6
images/d4dd780b-89resized.jpg 341,163,367,189,2 63,136,76,152,2 96,114,109,126,2 295,140,310,153,7
images/d4df8ffc-8resized.jpg 320,172,333,186,8
images/d5528d5c-VID_20230108_092021_out0015resized.jpg
images/d56730c5-130.jpg
images/d687e127-6d3f0c7d-document_5280547541790762168_out0053resized.jpg 98,95,138,135,2
images/d6ceae05-112resized.jpg 301,180,310,189,7 66,177,80,191,8
images/d757edd1-860d2760-47a60235-scale_1200resized.jpg 301,182,331,210,15 298,149,329,179,21
images/d7737b55-6488db25-VID_20230108_092941_out0025resized.jpg
images/d77d3861-155.jpg
images/d7a769ba-VID_20230108_092619_out0014resized.jpg 293,122,314,141,11 292,155,312,174,10 263,171,277,183,9 265,158,276,169,18
images/d7e21aab-164resized.jpg 350,134,384,165,16
images/d801b4ab-54c88ee9-VID_20230108_092941_out0014resized.jpg 292,146,312,161,3
images/d8031cd7-b2ddbf5d-VID_20230108_092941_out0009resized.jpg 331,129,366,164,3 262,169,273,180,3
images/d8a87317-13.jpg 377,96,415,140,2 225,239,233,248,3
images/d8e71e07-80resized.jpg 365,159,394,186,2 328,100,351,125,2 57,124,76,142,2 17,155,39,176,2
images/d9033198-VID_20230108_092021_out0007resized.jpg
images/d9b4ae8d-VID_20230108_092737_out0029resized.jpg
images/da0d3698-179resized.jpg 374,151,394,182,1
images/dab0e18b-VID_20230108_092427_out0010resized.jpg
images/dae94e54-1330e337-VID_20230108_092941_out0030resized.jpg 337,128,371,163,2 5,158,26,183,2 303,165,325,185,10 385,94,415,128,18
images/dbd08b99-VID_20230120_185211_out0005resized.jpg 281,139,308,166,8
images/dd7fbd31-145resized.jpg 320,141,338,158,8
images/de9fca79-VID_20230108_092021_out0002resized.jpg
images/dfac64eb-69resized.jpg 359,158,377,177,8
images/e046be01-165resized.jpg 361,128,382,162,1
images/e0590655-126resized.jpg 285,165,300,180,2 99,166,111,176,2 287,143,303,160,3
images/e07ed448-68dcf62c-VID_20230108_092941_out0028resized.jpg 187,190,199,205,2 387,148,414,171,9 385,120,414,146,10
images/e0a2420f-VID_20230108_092427_out0019resized.jpg
images/e0bed6e8-VID_20230108_092427_out0015resized.jpg
images/e0db4dba-35652c29-VID_20230108_092941_out0005resized.jpg 105,166,119,179,2 253,171,266,185,2 239,180,249,188,3
images/e0ecac58-VID_20230108_092021_out0032resized.jpg
images/e14a2a84-86resized.jpg 49,162,66,176,8
images/e1522385-178resized.jpg 378,190,398,210,14 17,182,38,202,14 378,166,400,187,4 17,160,40,181,4
images/e174b3f4-64resized.jpg 346,135,369,160,3 304,177,319,194,2
images/e1e907d1-30resized.jpg 283,170,296,183,2 40,177,50,186,2 58,153,69,163,2 262,137,273,146,2 307,189,329,197,13
images/e2666ed9-VID_20230108_092427_out0002resized.jpg 287,216,298,226,12
images/e297c124-43resized.jpg 311,178,323,189,16
images/e2aa7ea7-aaa7dd4c-road_signs_test_out0017resized.jpg 359,184,373,196,3
images/e2f353dd-VID_20230108_092737_out0019resized.jpg 326,137,345,154,18 266,134,285,153,10
images/e35ead06-VID_20230108_092737_out0016resized.jpg 227,163,240,173,10 285,114,307,134,10 285,136,305,152,9 260,167,270,174,18 265,150,279,165,2
images/e411e65b-144.jpg
images/e436b444-121resized.jpg 329,132,352,154,2 305,103,322,120,2 351,127,372,146,6 90,142,105,158,2
images/e451f78f-127resized.jpg 320,109,342,131,3 318,138,340,159,2 59,139,78,156,2 143,136,151,144,2 273,143,283,154,2
images/e4d81949-170.jpg 229,230,237,239,2 125,255,132,263,2 112,239,119,245,2 116,248,122,256,1
images/e580aef1-VID_20230108_092427_out0028resized.jpg
images/e58bff3b-140resized.jpg 17,142,38,164,7
images/e5a256dc-VID_20230108_092737_out0007resized.jpg 321,179,332,193,1
images/e5e75f5c-395ae83f-road_signs_test_out0022resized.jpg 272,144,289,162,2 356,183,373,199,2 94,158,107,173,2 72,195,84,208,2 26,197,39,217,2
images/e663a42f-0f38abb1-VID_20230108_092941_out0056resized.jpg 297,142,315,160,9 297,123,314,141,10
images/e6b59d34-VID_20230108_092427_out0025resized.jpg
images/e768ed05-VID_20230108_092021_out0064resized.jpg
images/e7861aa6-137.jpg
images/e82badb7-18resized.jpg 13,187,22,198,1 13,199,22,209,1 252,195,259,202,2 238,184,244,189,2
images/e83a413b-VID_20230108_092545_out0008resized.jpg 81,172,95,187,2 300,171,318,190,2 213,96,228,113,2 319,177,327,191,1
images/e92e0230-10resized.jpg 278,178,290,192,1
images/e937d203-VID_20230108_092719_out0009resized.jpg
images/ea36dc2e-109resized.jpg 357,131,379,151,7
images/ea3b3014-110resized.jpg 67,147,81,160,8 285,144,295,154,7
images/ea818d74-147resized.jpg 344,127,364,148,8 289,143,307,160,2 224,112,241,125,2 287,124,306,141,6 15,158,28,171,2 39,133,51,144,2 336,179,364,189,13
images/eac9372f-51resized.jpg 363,159,385,176,2 322,125,339,139,2 85,155,96,167,2 282,168,295,179,11 118,161,126,169,2 84,169,95,177,19
images/eadeb1b3-71resized.jpg 378,144,402,165,7
images/eaeaf844-afef076c-VID_20230108_092941_out0054resized.jpg 351,113,378,136,14 351,91,377,106,11
images/eb14bdfb-166resized.jpg 387,141,404,167,1
images/eb31a6d4-168resized.jpg 362,165,381,185,0
images/ebacc1a0-VID_20230108_092737_out0005resized.jpg 268,166,288,184,2 24,161,42,179,2
images/ec7c15d6-3b3a2137-VID_20230108_092941_out0015resized.jpg 338,115,368,141,3
images/ed416921-VID_20230120_185211_out0009resized.jpg 310,120,339,148,8
images/ed9519d7-7461653b-road_signs_test_out0008resized.jpg 300,181,310,192,3
images/ee9bcf63-149resized.jpg 61,125,80,151,1
images/ef89a6a5-17.jpg 225,239,233,249,3 99,243,107,253,2
images/efafe215-25resized.jpg 307,191,315,202,1 71,191,82,199,8
images/efc8c960-39resized.jpg 321,171,338,186,8 19,137,41,158,8
images/f023d6f1-VID_20230108_092354_out0013resized.jpg
images/f07c1e3d-VID_20230108_092021_out0062resized.jpg
images/f0b6330f-19ed3b15-489b200a-11resized.jpg 318,116,387,190,9
images/f152d1fc-VID_20230108_092021_out0026resized.jpg
images/f16f1ce5-VID_20230108_092427_out0014resized.jpg 381,140,411,164,12
images/f2175f5c-bc7a80d5-VID_20230108_092856_out0004resized.jpg 313,133,338,156,2 17,135,37,153,2
images/f250bce8-VID_20230108_092619_out0005resized.jpg 277,161,297,181,3
images/f26db161-142resized.jpg 242,172,267,203,16
images/f291df74-VID_20230108_092719_out0005resized.jpg 256,153,270,166,3 342,153,359,168,18
images/f3b2e689-0d3cdeb5-VID_20230108_092941_out0055resized.jpg 278,155,293,167,9 277,139,294,154,10
images/f3bd3f25-VID_20230108_092737_out0049resized.jpg
images/f416d330-26fae890-document_5280547541790762168_out0043resized.jpg 201,168,221,189,2 173,134,191,154,2
images/f44a3baf-293ac029-document_5280547541790762168_out0004resized.jpg 259,172,270,183,3 286,167,297,180,6
images/f453b56d-846e8c2a-road_signs_test_out0023resized.jpg
images/f4bfa1df-cbe4a40f-road_signs_test_out0025resized.jpg
images/f5472d33-VID_20230108_092737_out0026resized.jpg
images/f563b490-VID_20230108_092354_out0010resized.jpg
images/f5b4ba9b-ecfd95eb-13ee83ac-50823695e4c7e07849cefa5339b24604resized.jpg 244,107,345,198,3
images/f5c49f64-2e9260a3-document_5280547541790762168_out0033resized.jpg 58,115,103,156,3 56,158,102,199,2
images/f6d12c3a-VID_20230108_092427_out0007resized.jpg
images/f6def515-184.jpg
images/f6f5f3ed-172resized.jpg 334,152,348,177,1
images/f7213d56-a2216b74-3588ea35-5resized.jpg 147,131,200,180,2 83,164,104,203,2 311,210,324,223,2
images/f84eb47d-9resized.jpg 77,170,95,187,2 336,172,343,180,2
images/f8751b93-165.jpg 295,212,312,229,27
images/f8a1e5ba-VID_20230120_185211_out0002resized.jpg 279,142,306,168,8
images/f8c1ca1e-159resized.jpg 333,161,359,202,1
images/f9587cb3-63a0ce52-VID_20230108_092941_out0037resized.jpg 252,147,263,157,3
images/f96a0526-144resized.jpg 359,155,382,175,7
images/faab2f9b-VID_20230108_092021_out0037resized.jpg 281,169,296,180,23 298,167,315,174,13
images/faae2b9e-VID_20230108_092619_out0011resized.jpg 279,134,298,150,10 279,161,297,176,9 278,103,299,123,3
images/fb12d29c-VID_20230108_092021_out0050resized.jpg
images/fb590197-VID_20230108_092619_out0030resized.jpg 315,116,342,142,3 316,146,341,170,10
images/fb7695d9-VID_20230108_092737_out0068resized.jpg
images/fbb01cf1-198resized.jpg 44,171,63,201,1
images/fbbb7200-1.jpg 345,130,382,170,2
images/fc2e8951-VID_20230108_092619_out0015resized.jpg 327,139,357,168,10 327,91,359,118,11 276,170,290,185,9 277,156,290,168,18
images/fc4ac0dc-VID_20230120_185211_out0015resized.jpg
images/fc6e21ef-5ba41e40-VID_20230108_092941_out0034resized.jpg 316,123,343,150,10 241,181,250,189,3
images/fcd61e2e-124resized.jpg 341,124,366,149,2 118,170,134,186,2 22,139,47,165,2
images/fd8aee7f-168.jpg 275,241,288,253,14
images/fdd7f5af-96bb2ee1-VID_20230108_092941_out0057resized.jpg 334,110,357,131,9 335,90,356,103,10 114,148,125,158,2
images/fde37505-39b8edc1-document_5280547541790762168_out0009resized.jpg 239,176,250,187,3 265,164,282,181,6 238,188,251,198,2
images/fe90248e-VID_20230108_092619_out0008resized.jpg 305,145,327,164,11 305,166,326,182,14
images/fea0f7d3-VID_20230108_092737_out0040resized.jpg
images/ff1f91aa-VID_20230108_092737_out0022resized.jpg
images/ffb39a01-VID_20230108_092427_out0005resized.jpg
